   2.6742135264556700E+037
  -2.6968739950573007E+037
  -3.6108445387288773E+037
   1.4428187512197198E+037
   4.1119390614831573E+037
  -1.4732139601509334E+035
  -4.1170555700234798E+037
  -1.4151314480942990E+037
   3.6255769161607606E+037
   2.6743032830713082E+037
  -1.4150767852372766E+037
   3.6256057870793841E+037
   2.6742586471557512E+037
  -2.6968291410972100E+037
  -3.6108740815376055E+037
   1.4427636369690582E+037
   4.1119494629762512E+037
  -1.4673412886585937E+035
  -4.1170455755831428E+037
  -1.4151867037153899E+037
  -1.4731509308323733E+035
  -4.1170554627609887E+037
  -1.4151320411349669E+037
   3.6255766029337528E+037
   2.6743037673274204E+037
  -2.6967842866043047E+037
  -3.6109036236329017E+037
   1.4427085224333366E+037
   4.1119598636569102E+037
  -1.4614686168733703E+035
   1.4427630454456210E+037
   4.1119495746074154E+037
  -1.4672782593309790E+035
  -4.1170454683119186E+037
  -1.4151872967530433E+037
   3.6255474180717918E+037
   2.6743488869707390E+037
  -2.6967394315785611E+037
  -3.6109331650147532E+037
   1.4426534076125390E+037
  -2.6967838051938768E+037
  -3.6109039406939635E+037
   1.4427079309068266E+037
   4.1119599752793583E+037
  -1.4614055875441344E+035
  -4.1170354730494115E+037
  -1.4152425520915228E+037
   3.6255182324934927E+037
   2.6743940060856512E+037
  -2.6966945760199990E+037
   3.6255471048370360E+037
   2.6743493712211542E+037
  -2.6967389501624148E+037
  -3.6109334820681869E+037
   1.4426528160830116E+037
   4.1119703751388600E+037
  -1.4555329154670626E+035
  -4.1170254769734630E+037
  -1.4152978071503805E+037
   3.6254890461988678E+037
  -4.1170353657693522E+037
  -1.4152431451261430E+037
   3.6255179192510338E+037
   2.6743944903303949E+037
  -2.6966940945981571E+037
  -3.6109630227289453E+037
   1.4425977009741515E+037
   4.1119807741859254E+037
  -1.4496602431038931E+035
  -4.1170154800840841E+037
   4.1119704867524915E+037
  -1.4554698861436069E+035
  -4.1170253696846796E+037
  -1.4152984001820276E+037
   3.6254887329487279E+037
   2.6744396089112273E+037
  -2.6966492385010672E+037
  -3.6109925626762612E+037
   1.4425425855802650E+037
   4.1119911724205463E+037
  -3.6109633397746470E+037
   1.4425971094414691E+037
   4.1119808857908431E+037
  -1.4495972137699355E+035
  -4.1170153727865653E+037
  -1.4153536549582229E+037
   3.6254595459300957E+037
   2.6744847269636580E+037
  -2.6966043818711767E+037
  -3.6110221019101131E+037
   2.6744400931502677E+037
  -2.6966487570734451E+037
  -3.6109928797143057E+037
   1.4425419940445446E+037
   4.1119912840167437E+037
  -1.4437245411187600E+035
  -4.1170053750750186E+037
  -1.4154089094548026E+037
   3.6254303581951565E+037
   2.6745298444876390E+037
   2.6742135264556700E+037
  -2.6968739950573007E+037
  -3.6108445387288773E+037
   1.4428187512197198E+037
   4.1119390614831573E+037
  -1.4732139601509334E+035
  -4.1170555700234798E+037
  -1.4151314480942990E+037
   3.6255769161607606E+037
   2.6743032830713082E+037
  -1.4150767852372766E+037
   3.6256057870793841E+037
   2.6742586471557512E+037
  -2.6968291410972100E+037
  -3.6108740815376055E+037
   1.4427636369690582E+037
   4.1119494629762512E+037
  -1.4673412886585937E+035
  -4.1170455755831428E+037
  -1.4151867037153899E+037
  -1.4731509308323733E+035
  -4.1170554627609887E+037
  -1.4151320411349669E+037
   3.6255766029337528E+037
   2.6743037673274204E+037
  -2.6967842866043047E+037
  -3.6109036236329017E+037
   1.4427085224333366E+037
   4.1119598636569102E+037
  -1.4614686168733703E+035
   1.4427630454456210E+037
   4.1119495746074154E+037
  -1.4672782593309790E+035
  -4.1170454683119186E+037
  -1.4151872967530433E+037
   3.6255474180717918E+037
   2.6743488869707390E+037
  -2.6967394315785611E+037
  -3.6109331650147532E+037
   1.4426534076125390E+037
  -2.6967838051938768E+037
  -3.6109039406939635E+037
   1.4427079309068266E+037
   4.1119599752793583E+037
  -1.4614055875441344E+035
  -4.1170354730494115E+037
  -1.4152425520915228E+037
   3.6255182324934927E+037
   2.6743940060856512E+037
  -2.6966945760199990E+037
   3.6255471048370360E+037
   2.6743493712211542E+037
  -2.6967389501624148E+037
  -3.6109334820681869E+037
   1.4426528160830116E+037
   4.1119703751388600E+037
  -1.4555329154670626E+035
  -4.1170254769734630E+037
  -1.4152978071503805E+037
   3.6254890461988678E+037
  -4.1170353657693522E+037
  -1.4152431451261430E+037
   3.6255179192510338E+037
   2.6743944903303949E+037
  -2.6966940945981571E+037
  -3.6109630227289453E+037
   1.4425977009741515E+037
   4.1119807741859254E+037
  -1.4496602431038931E+035
  -4.1170154800840841E+037
   4.1119704867524915E+037
  -1.4554698861436069E+035
  -4.1170253696846796E+037
  -1.4152984001820276E+037
   3.6254887329487279E+037
   2.6744396089112273E+037
  -2.6966492385010672E+037
  -3.6109925626762612E+037
   1.4425425855802650E+037
   4.1119911724205463E+037
  -3.6109633397746470E+037
   1.4425971094414691E+037
   4.1119808857908431E+037
  -1.4495972137699355E+035
  -4.1170153727865653E+037
  -1.4153536549582229E+037
   3.6254595459300957E+037
   2.6744847269636580E+037
  -2.6966043818711767E+037
  -3.6110221019101131E+037
   2.6744400931502677E+037
  -2.6966487570734451E+037
  -3.6109928797143057E+037
   1.4425419940445446E+037
   4.1119912840167437E+037
  -1.4437245411187600E+035
  -4.1170053750750186E+037
  -1.4154089094548026E+037
   3.6254303581951565E+037
   2.6745298444876390E+037
   2.6742135264556700E+037
  -2.6968739950573007E+037
  -3.6108445387288773E+037
   1.4428187512197198E+037
   4.1119390614831573E+037
  -1.4732139601509334E+035
  -4.1170555700234798E+037
  -1.4151314480942990E+037
   3.6255769161607606E+037
   2.6743032830713082E+037
  -1.4150767852372766E+037
   3.6256057870793841E+037
   2.6742586471557512E+037
  -2.6968291410972100E+037
  -3.6108740815376055E+037
   1.4427636369690582E+037
   4.1119494629762512E+037
  -1.4673412886585937E+035
  -4.1170455755831428E+037
  -1.4151867037153899E+037
  -1.4731509308323733E+035
  -4.1170554627609887E+037
  -1.4151320411349669E+037
   3.6255766029337528E+037
   2.6743037673274204E+037
  -2.6967842866043047E+037
  -3.6109036236329017E+037
   1.4427085224333366E+037
   4.1119598636569102E+037
  -1.4614686168733703E+035
   1.4427630454456210E+037
   4.1119495746074154E+037
  -1.4672782593309790E+035
  -4.1170454683119186E+037
  -1.4151872967530433E+037
   3.6255474180717918E+037
   2.6743488869707390E+037
  -2.6967394315785611E+037
  -3.6109331650147532E+037
   1.4426534076125390E+037
  -2.6967838051938768E+037
  -3.6109039406939635E+037
   1.4427079309068266E+037
   4.1119599752793583E+037
  -1.4614055875441344E+035
  -4.1170354730494115E+037
  -1.4152425520915228E+037
   3.6255182324934927E+037
   2.6743940060856512E+037
  -2.6966945760199990E+037
   3.6255471048370360E+037
   2.6743493712211542E+037
  -2.6967389501624148E+037
  -3.6109334820681869E+037
   1.4426528160830116E+037
   4.1119703751388600E+037
  -1.4555329154670626E+035
  -4.1170254769734630E+037
  -1.4152978071503805E+037
   3.6254890461988678E+037
  -4.1170353657693522E+037
  -1.4152431451261430E+037
   3.6255179192510338E+037
   2.6743944903303949E+037
  -2.6966940945981571E+037
  -3.6109630227289453E+037
   1.4425977009741515E+037
   4.1119807741859254E+037
  -1.4496602431038931E+035
  -4.1170154800840841E+037
   4.1119704867524915E+037
  -1.4554698861436069E+035
  -4.1170253696846796E+037
  -1.4152984001820276E+037
   3.6254887329487279E+037
   2.6744396089112273E+037
  -2.6966492385010672E+037
  -3.6109925626762612E+037
   1.4425425855802650E+037
   4.1119911724205463E+037
  -3.6109633397746470E+037
   1.4425971094414691E+037
   4.1119808857908431E+037
  -1.4495972137699355E+035
  -4.1170153727865653E+037
  -1.4153536549582229E+037
   3.6254595459300957E+037
   2.6744847269636580E+037
  -2.6966043818711767E+037
  -3.6110221019101131E+037
   2.6744400931502677E+037
  -2.6966487570734451E+037
  -3.6109928797143057E+037
   1.4425419940445446E+037
   4.1119912840167437E+037
  -1.4437245411187600E+035
  -4.1170053750750186E+037
  -1.4154089094548026E+037
   3.6254303581951565E+037
   2.6745298444876390E+037
   2.6742135264556700E+037
  -2.6968739950573007E+037
  -3.6108445387288773E+037
   1.4428187512197198E+037
   4.1119390614831573E+037
  -1.4732139601509334E+035
  -4.1170555700234798E+037
  -1.4151314480942990E+037
   3.6255769161607606E+037
   2.6743032830713082E+037
  -1.4150767852372766E+037
   3.6256057870793841E+037
   2.6742586471557512E+037
  -2.6968291410972100E+037
  -3.6108740815376055E+037
   1.4427636369690582E+037
   4.1119494629762512E+037
  -1.4673412886585937E+035
  -4.1170455755831428E+037
  -1.4151867037153899E+037
  -1.4731509308323733E+035
  -4.1170554627609887E+037
  -1.4151320411349669E+037
   3.6255766029337528E+037
   2.6743037673274204E+037
  -2.6967842866043047E+037
  -3.6109036236329017E+037
   1.4427085224333366E+037
   4.1119598636569102E+037
  -1.4614686168733703E+035
   1.4427630454456210E+037
   4.1119495746074154E+037
  -1.4672782593309790E+035
  -4.1170454683119186E+037
  -1.4151872967530433E+037
   3.6255474180717918E+037
   2.6743488869707390E+037
  -2.6967394315785611E+037
  -3.6109331650147532E+037
   1.4426534076125390E+037
  -2.6967838051938768E+037
  -3.6109039406939635E+037
   1.4427079309068266E+037
   4.1119599752793583E+037
  -1.4614055875441344E+035
  -4.1170354730494115E+037
  -1.4152425520915228E+037
   3.6255182324934927E+037
   2.6743940060856512E+037
  -2.6966945760199990E+037
   3.6255471048370360E+037
   2.6743493712211542E+037
  -2.6967389501624148E+037
  -3.6109334820681869E+037
   1.4426528160830116E+037
   4.1119703751388600E+037
  -1.4555329154670626E+035
  -4.1170254769734630E+037
  -1.4152978071503805E+037
   3.6254890461988678E+037
  -4.1170353657693522E+037
  -1.4152431451261430E+037
   3.6255179192510338E+037
   2.6743944903303949E+037
  -2.6966940945981571E+037
  -3.6109630227289453E+037
   1.4425977009741515E+037
   4.1119807741859254E+037
  -1.4496602431038931E+035
  -4.1170154800840841E+037
   4.1119704867524915E+037
  -1.4554698861436069E+035
  -4.1170253696846796E+037
  -1.4152984001820276E+037
   3.6254887329487279E+037
   2.6744396089112273E+037
  -2.6966492385010672E+037
  -3.6109925626762612E+037
   1.4425425855802650E+037
   4.1119911724205463E+037
  -3.6109633397746470E+037
   1.4425971094414691E+037
   4.1119808857908431E+037
  -1.4495972137699355E+035
  -4.1170153727865653E+037
  -1.4153536549582229E+037
   3.6254595459300957E+037
   2.6744847269636580E+037
  -2.6966043818711767E+037
  -3.6110221019101131E+037
   2.6744400931502677E+037
  -2.6966487570734451E+037
  -3.6109928797143057E+037
   1.4425419940445446E+037
   4.1119912840167437E+037
  -1.4437245411187600E+035
  -4.1170053750750186E+037
  -1.4154089094548026E+037
   3.6254303581951565E+037
   2.6745298444876390E+037
   2.6742135264556700E+037
  -2.6968739950573007E+037
  -3.6108445387288773E+037
   1.4428187512197198E+037
   4.1119390614831573E+037
  -1.4732139601509334E+035
  -4.1170555700234798E+037
  -1.4151314480942990E+037
   3.6255769161607606E+037
   2.6743032830713082E+037
  -1.4150767852372766E+037
   3.6256057870793841E+037
   2.6742586471557512E+037
  -2.6968291410972100E+037
  -3.6108740815376055E+037
   1.4427636369690582E+037
   4.1119494629762512E+037
  -1.4673412886585937E+035
  -4.1170455755831428E+037
  -1.4151867037153899E+037
  -1.4731509308323733E+035
  -4.1170554627609887E+037
  -1.4151320411349669E+037
   3.6255766029337528E+037
   2.6743037673274204E+037
  -2.6967842866043047E+037
  -3.6109036236329017E+037
   1.4427085224333366E+037
   4.1119598636569102E+037
  -1.4614686168733703E+035
   1.4427630454456210E+037
   4.1119495746074154E+037
  -1.4672782593309790E+035
  -4.1170454683119186E+037
  -1.4151872967530433E+037
   3.6255474180717918E+037
   2.6743488869707390E+037
  -2.6967394315785611E+037
  -3.6109331650147532E+037
   1.4426534076125390E+037
  -2.6967838051938768E+037
  -3.6109039406939635E+037
   1.4427079309068266E+037
   4.1119599752793583E+037
  -1.4614055875441344E+035
  -4.1170354730494115E+037
  -1.4152425520915228E+037
   3.6255182324934927E+037
   2.6743940060856512E+037
  -2.6966945760199990E+037
   3.6255471048370360E+037
   2.6743493712211542E+037
  -2.6967389501624148E+037
  -3.6109334820681869E+037
   1.4426528160830116E+037
   4.1119703751388600E+037
  -1.4555329154670626E+035
  -4.1170254769734630E+037
  -1.4152978071503805E+037
   3.6254890461988678E+037
  -4.1170353657693522E+037
  -1.4152431451261430E+037
   3.6255179192510338E+037
   2.6743944903303949E+037
  -2.6966940945981571E+037
  -3.6109630227289453E+037
   1.4425977009741515E+037
   4.1119807741859254E+037
  -1.4496602431038931E+035
  -4.1170154800840841E+037
   4.1119704867524915E+037
  -1.4554698861436069E+035
  -4.1170253696846796E+037
  -1.4152984001820276E+037
   3.6254887329487279E+037
   2.6744396089112273E+037
  -2.6966492385010672E+037
  -3.6109925626762612E+037
   1.4425425855802650E+037
   4.1119911724205463E+037
  -3.6109633397746470E+037
   1.4425971094414691E+037
   4.1119808857908431E+037
  -1.4495972137699355E+035
  -4.1170153727865653E+037
  -1.4153536549582229E+037
   3.6254595459300957E+037
   2.6744847269636580E+037
  -2.6966043818711767E+037
  -3.6110221019101131E+037
   2.6744400931502677E+037
  -2.6966487570734451E+037
  -3.6109928797143057E+037
   1.4425419940445446E+037
   4.1119912840167437E+037
  -1.4437245411187600E+035
  -4.1170053750750186E+037
  -1.4154089094548026E+037
   3.6254303581951565E+037
   2.6745298444876390E+037
   2.6742135264556700E+037
  -2.6968739950573007E+037
  -3.6108445387288773E+037
   1.4428187512197198E+037
   4.1119390614831573E+037
  -1.4732139601509334E+035
  -4.1170555700234798E+037
  -1.4151314480942990E+037
   3.6255769161607606E+037
   2.6743032830713082E+037
  -1.4150767852372766E+037
   3.6256057870793841E+037
   2.6742586471557512E+037
  -2.6968291410972100E+037
  -3.6108740815376055E+037
   1.4427636369690582E+037
   4.1119494629762512E+037
  -1.4673412886585937E+035
  -4.1170455755831428E+037
  -1.4151867037153899E+037
  -1.4731509308323733E+035
  -4.1170554627609887E+037
  -1.4151320411349669E+037
   3.6255766029337528E+037
   2.6743037673274204E+037
  -2.6967842866043047E+037
  -3.6109036236329017E+037
   1.4427085224333366E+037
   4.1119598636569102E+037
  -1.4614686168733703E+035
   1.4427630454456210E+037
   4.1119495746074154E+037
  -1.4672782593309790E+035
  -4.1170454683119186E+037
  -1.4151872967530433E+037
   3.6255474180717918E+037
   2.6743488869707390E+037
  -2.6967394315785611E+037
  -3.6109331650147532E+037
   1.4426534076125390E+037
  -2.6967838051938768E+037
  -3.6109039406939635E+037
   1.4427079309068266E+037
   4.1119599752793583E+037
  -1.4614055875441344E+035
  -4.1170354730494115E+037
  -1.4152425520915228E+037
   3.6255182324934927E+037
   2.6743940060856512E+037
  -2.6966945760199990E+037
   3.6255471048370360E+037
   2.6743493712211542E+037
  -2.6967389501624148E+037
  -3.6109334820681869E+037
   1.4426528160830116E+037
   4.1119703751388600E+037
  -1.4555329154670626E+035
  -4.1170254769734630E+037
  -1.4152978071503805E+037
   3.6254890461988678E+037
  -4.1170353657693522E+037
  -1.4152431451261430E+037
   3.6255179192510338E+037
   2.6743944903303949E+037
  -2.6966940945981571E+037
  -3.6109630227289453E+037
   1.4425977009741515E+037
   4.1119807741859254E+037
  -1.4496602431038931E+035
  -4.1170154800840841E+037
   4.1119704867524915E+037
  -1.4554698861436069E+035
  -4.1170253696846796E+037
  -1.4152984001820276E+037
   3.6254887329487279E+037
   2.6744396089112273E+037
  -2.6966492385010672E+037
  -3.6109925626762612E+037
   1.4425425855802650E+037
   4.1119911724205463E+037
  -3.6109633397746470E+037
   1.4425971094414691E+037
   4.1119808857908431E+037
  -1.4495972137699355E+035
  -4.1170153727865653E+037
  -1.4153536549582229E+037
   3.6254595459300957E+037
   2.6744847269636580E+037
  -2.6966043818711767E+037
  -3.6110221019101131E+037
   2.6744400931502677E+037
  -2.6966487570734451E+037
  -3.6109928797143057E+037
   1.4425419940445446E+037
   4.1119912840167437E+037
  -1.4437245411187600E+035
  -4.1170053750750186E+037
  -1.4154089094548026E+037
   3.6254303581951565E+037
   2.6745298444876390E+037
   2.6742135264556700E+037
  -2.6968739950573007E+037
  -3.6108445387288773E+037
   1.4428187512197198E+037
   4.1119390614831573E+037
  -1.4732139601509334E+035
  -4.1170555700234798E+037
  -1.4151314480942990E+037
   3.6255769161607606E+037
   2.6743032830713082E+037
  -1.4150767852372766E+037
   3.6256057870793841E+037
   2.6742586471557512E+037
  -2.6968291410972100E+037
  -3.6108740815376055E+037
   1.4427636369690582E+037
   4.1119494629762512E+037
  -1.4673412886585937E+035
  -4.1170455755831428E+037
  -1.4151867037153899E+037
  -1.4731509308323733E+035
  -4.1170554627609887E+037
  -1.4151320411349669E+037
   3.6255766029337528E+037
   2.6743037673274204E+037
  -2.6967842866043047E+037
  -3.6109036236329017E+037
   1.4427085224333366E+037
   4.1119598636569102E+037
  -1.4614686168733703E+035
   1.4427630454456210E+037
   4.1119495746074154E+037
  -1.4672782593309790E+035
  -4.1170454683119186E+037
  -1.4151872967530433E+037
   3.6255474180717918E+037
   2.6743488869707390E+037
  -2.6967394315785611E+037
  -3.6109331650147532E+037
   1.4426534076125390E+037
  -2.6967838051938768E+037
  -3.6109039406939635E+037
   1.4427079309068266E+037
   4.1119599752793583E+037
  -1.4614055875441344E+035
  -4.1170354730494115E+037
  -1.4152425520915228E+037
   3.6255182324934927E+037
   2.6743940060856512E+037
  -2.6966945760199990E+037
   3.6255471048370360E+037
   2.6743493712211542E+037
  -2.6967389501624148E+037
  -3.6109334820681869E+037
   1.4426528160830116E+037
   4.1119703751388600E+037
  -1.4555329154670626E+035
  -4.1170254769734630E+037
  -1.4152978071503805E+037
   3.6254890461988678E+037
  -4.1170353657693522E+037
  -1.4152431451261430E+037
   3.6255179192510338E+037
   2.6743944903303949E+037
  -2.6966940945981571E+037
  -3.6109630227289453E+037
   1.4425977009741515E+037
   4.1119807741859254E+037
  -1.4496602431038931E+035
  -4.1170154800840841E+037
   4.1119704867524915E+037
  -1.4554698861436069E+035
  -4.1170253696846796E+037
  -1.4152984001820276E+037
   3.6254887329487279E+037
   2.6744396089112273E+037
  -2.6966492385010672E+037
  -3.6109925626762612E+037
   1.4425425855802650E+037
   4.1119911724205463E+037
  -3.6109633397746470E+037
   1.4425971094414691E+037
   4.1119808857908431E+037
  -1.4495972137699355E+035
  -4.1170153727865653E+037
  -1.4153536549582229E+037
   3.6254595459300957E+037
   2.6744847269636580E+037
  -2.6966043818711767E+037
  -3.6110221019101131E+037
   2.6744400931502677E+037
  -2.6966487570734451E+037
  -3.6109928797143057E+037
   1.4425419940445446E+037
   4.1119912840167437E+037
  -1.4437245411187600E+035
  -4.1170053750750186E+037
  -1.4154089094548026E+037
   3.6254303581951565E+037
   2.6745298444876390E+037
   2.6742135264556700E+037
  -2.6968739950573007E+037
  -3.6108445387288773E+037
   1.4428187512197198E+037
   4.1119390614831573E+037
  -1.4732139601509334E+035
  -4.1170555700234798E+037
  -1.4151314480942990E+037
   3.6255769161607606E+037
   2.6743032830713082E+037
  -1.4150767852372766E+037
   3.6256057870793841E+037
   2.6742586471557512E+037
  -2.6968291410972100E+037
  -3.6108740815376055E+037
   1.4427636369690582E+037
   4.1119494629762512E+037
  -1.4673412886585937E+035
  -4.1170455755831428E+037
  -1.4151867037153899E+037
  -1.4731509308323733E+035
  -4.1170554627609887E+037
  -1.4151320411349669E+037
   3.6255766029337528E+037
   2.6743037673274204E+037
  -2.6967842866043047E+037
  -3.6109036236329017E+037
   1.4427085224333366E+037
   4.1119598636569102E+037
  -1.4614686168733703E+035
   1.4427630454456210E+037
   4.1119495746074154E+037
  -1.4672782593309790E+035
  -4.1170454683119186E+037
  -1.4151872967530433E+037
   3.6255474180717918E+037
   2.6743488869707390E+037
  -2.6967394315785611E+037
  -3.6109331650147532E+037
   1.4426534076125390E+037
  -2.6967838051938768E+037
  -3.6109039406939635E+037
   1.4427079309068266E+037
   4.1119599752793583E+037
  -1.4614055875441344E+035
  -4.1170354730494115E+037
  -1.4152425520915228E+037
   3.6255182324934927E+037
   2.6743940060856512E+037
  -2.6966945760199990E+037
   3.6255471048370360E+037
   2.6743493712211542E+037
  -2.6967389501624148E+037
  -3.6109334820681869E+037
   1.4426528160830116E+037
   4.1119703751388600E+037
  -1.4555329154670626E+035
  -4.1170254769734630E+037
  -1.4152978071503805E+037
   3.6254890461988678E+037
  -4.1170353657693522E+037
  -1.4152431451261430E+037
   3.6255179192510338E+037
   2.6743944903303949E+037
  -2.6966940945981571E+037
  -3.6109630227289453E+037
   1.4425977009741515E+037
   4.1119807741859254E+037
  -1.4496602431038931E+035
  -4.1170154800840841E+037
   4.1119704867524915E+037
  -1.4554698861436069E+035
  -4.1170253696846796E+037
  -1.4152984001820276E+037
   3.6254887329487279E+037
   2.6744396089112273E+037
  -2.6966492385010672E+037
  -3.6109925626762612E+037
   1.4425425855802650E+037
   4.1119911724205463E+037
  -3.6109633397746470E+037
   1.4425971094414691E+037
   4.1119808857908431E+037
  -1.4495972137699355E+035
  -4.1170153727865653E+037
  -1.4153536549582229E+037
   3.6254595459300957E+037
   2.6744847269636580E+037
  -2.6966043818711767E+037
  -3.6110221019101131E+037
   2.6744400931502677E+037
  -2.6966487570734451E+037
  -3.6109928797143057E+037
   1.4425419940445446E+037
   4.1119912840167437E+037
  -1.4437245411187600E+035
  -4.1170053750750186E+037
  -1.4154089094548026E+037
   3.6254303581951565E+037
   2.6745298444876390E+037
   2.6742135264556700E+037
  -2.6968739950573007E+037
  -3.6108445387288773E+037
   1.4428187512197198E+037
   4.1119390614831573E+037
  -1.4732139601509334E+035
  -4.1170555700234798E+037
  -1.4151314480942990E+037
   3.6255769161607606E+037
   2.6743032830713082E+037
  -1.4150767852372766E+037
   3.6256057870793841E+037
   2.6742586471557512E+037
  -2.6968291410972100E+037
  -3.6108740815376055E+037
   1.4427636369690582E+037
   4.1119494629762512E+037
  -1.4673412886585937E+035
  -4.1170455755831428E+037
  -1.4151867037153899E+037
  -1.4731509308323733E+035
  -4.1170554627609887E+037
  -1.4151320411349669E+037
   3.6255766029337528E+037
   2.6743037673274204E+037
  -2.6967842866043047E+037
  -3.6109036236329017E+037
   1.4427085224333366E+037
   4.1119598636569102E+037
  -1.4614686168733703E+035
   1.4427630454456210E+037
   4.1119495746074154E+037
  -1.4672782593309790E+035
  -4.1170454683119186E+037
  -1.4151872967530433E+037
   3.6255474180717918E+037
   2.6743488869707390E+037
  -2.6967394315785611E+037
  -3.6109331650147532E+037
   1.4426534076125390E+037
  -2.6967838051938768E+037
  -3.6109039406939635E+037
   1.4427079309068266E+037
   4.1119599752793583E+037
  -1.4614055875441344E+035
  -4.1170354730494115E+037
  -1.4152425520915228E+037
   3.6255182324934927E+037
   2.6743940060856512E+037
  -2.6966945760199990E+037
   3.6255471048370360E+037
   2.6743493712211542E+037
  -2.6967389501624148E+037
  -3.6109334820681869E+037
   1.4426528160830116E+037
   4.1119703751388600E+037
  -1.4555329154670626E+035
  -4.1170254769734630E+037
  -1.4152978071503805E+037
   3.6254890461988678E+037
  -4.1170353657693522E+037
  -1.4152431451261430E+037
   3.6255179192510338E+037
   2.6743944903303949E+037
  -2.6966940945981571E+037
  -3.6109630227289453E+037
   1.4425977009741515E+037
   4.1119807741859254E+037
  -1.4496602431038931E+035
  -4.1170154800840841E+037
   4.1119704867524915E+037
  -1.4554698861436069E+035
  -4.1170253696846796E+037
  -1.4152984001820276E+037
   3.6254887329487279E+037
   2.6744396089112273E+037
  -2.6966492385010672E+037
  -3.6109925626762612E+037
   1.4425425855802650E+037
   4.1119911724205463E+037
  -3.6109633397746470E+037
   1.4425971094414691E+037
   4.1119808857908431E+037
  -1.4495972137699355E+035
  -4.1170153727865653E+037
  -1.4153536549582229E+037
   3.6254595459300957E+037
   2.6744847269636580E+037
  -2.6966043818711767E+037
  -3.6110221019101131E+037
   2.6744400931502677E+037
  -2.6966487570734451E+037
  -3.6109928797143057E+037
   1.4425419940445446E+037
   4.1119912840167437E+037
  -1.4437245411187600E+035
  -4.1170053750750186E+037
  -1.4154089094548026E+037
   3.6254303581951565E+037
   2.6745298444876390E+037
   2.6742135264556700E+037
  -2.6968739950573007E+037
  -3.6108445387288773E+037
   1.4428187512197198E+037
   4.1119390614831573E+037
  -1.4732139601509334E+035
  -4.1170555700234798E+037
  -1.4151314480942990E+037
   3.6255769161607606E+037
   2.6743032830713082E+037
  -1.4150767852372766E+037
   3.6256057870793841E+037
   2.6742586471557512E+037
  -2.6968291410972100E+037
  -3.6108740815376055E+037
   1.4427636369690582E+037
   4.1119494629762512E+037
  -1.4673412886585937E+035
  -4.1170455755831428E+037
  -1.4151867037153899E+037
  -1.4731509308323733E+035
  -4.1170554627609887E+037
  -1.4151320411349669E+037
   3.6255766029337528E+037
   2.6743037673274204E+037
  -2.6967842866043047E+037
  -3.6109036236329017E+037
   1.4427085224333366E+037
   4.1119598636569102E+037
  -1.4614686168733703E+035
   1.4427630454456210E+037
   4.1119495746074154E+037
  -1.4672782593309790E+035
  -4.1170454683119186E+037
  -1.4151872967530433E+037
   3.6255474180717918E+037
   2.6743488869707390E+037
  -2.6967394315785611E+037
  -3.6109331650147532E+037
   1.4426534076125390E+037
  -2.6967838051938768E+037
  -3.6109039406939635E+037
   1.4427079309068266E+037
   4.1119599752793583E+037
  -1.4614055875441344E+035
  -4.1170354730494115E+037
  -1.4152425520915228E+037
   3.6255182324934927E+037
   2.6743940060856512E+037
  -2.6966945760199990E+037
   3.6255471048370360E+037
   2.6743493712211542E+037
  -2.6967389501624148E+037
  -3.6109334820681869E+037
   1.4426528160830116E+037
   4.1119703751388600E+037
  -1.4555329154670626E+035
  -4.1170254769734630E+037
  -1.4152978071503805E+037
   3.6254890461988678E+037
  -4.1170353657693522E+037
  -1.4152431451261430E+037
   3.6255179192510338E+037
   2.6743944903303949E+037
  -2.6966940945981571E+037
  -3.6109630227289453E+037
   1.4425977009741515E+037
   4.1119807741859254E+037
  -1.4496602431038931E+035
  -4.1170154800840841E+037
   4.1119704867524915E+037
  -1.4554698861436069E+035
  -4.1170253696846796E+037
  -1.4152984001820276E+037
   3.6254887329487279E+037
   2.6744396089112273E+037
  -2.6966492385010672E+037
  -3.6109925626762612E+037
   1.4425425855802650E+037
   4.1119911724205463E+037
  -3.6109633397746470E+037
   1.4425971094414691E+037
   4.1119808857908431E+037
  -1.4495972137699355E+035
  -4.1170153727865653E+037
  -1.4153536549582229E+037
   3.6254595459300957E+037
   2.6744847269636580E+037
  -2.6966043818711767E+037
  -3.6110221019101131E+037
   2.6744400931502677E+037
  -2.6966487570734451E+037
  -3.6109928797143057E+037
   1.4425419940445446E+037
   4.1119912840167437E+037
  -1.4437245411187600E+035
  -4.1170053750750186E+037
  -1.4154089094548026E+037
   3.6254303581951565E+037
   2.6745298444876390E+037
