  -1.4835081123065766E-002
  -6.3324392546368639E-004
  -3.8770006156600627E-003
   2.0044752241829013E-003
  -1.8527997904361191E-003
  -1.8534112565429643E-003
   2.0044092144390208E-003
  -3.8765452592786727E-003
  -6.3298122208259788E-004
  -1.4835081151049459E-002
  -9.9254052846149601E-003
   1.1438761685324979E-003
   1.4044065859831923E-003
  -4.6920877014417243E-003
   5.3318560711362100E-003
   6.0845832171112458E-003
   6.8541715442725889E-003
   4.4783417835201284E-003
   2.9523041155048819E-003
  -9.9252273405219648E-003
   2.5285312763663526E-003
  -5.3300720007838451E-003
  -6.9675959456509955E-004
   4.7307696937186876E-003
   2.9534860687661590E-003
   1.2605376789773810E-003
   7.2008321357771004E-004
  -3.8155901455320970E-003
  -3.9170547772095367E-004
   2.5286655743055287E-003
   4.8320260838653284E-003
  -1.3051139808692018E-002
  -2.4466876451964626E-003
   2.0065998391362834E-003
  -6.7487088707186473E-003
  -7.4748319920050609E-003
   3.5979405323655336E-003
  -1.5297466541654610E-003
   6.7062966818612346E-003
   4.8325680488505371E-003
  -3.3714054116014166E-003
   9.2362615107153894E-004
   4.5713345344054442E-003
  -1.6319417721451145E-002
   5.6799181843385414E-002
   5.6692630010454555E-002
  -9.5383222756795175E-003
  -1.7924744060942271E-003
   2.4181572560885187E-003
  -3.3718719413748303E-003
  -3.3718165922128891E-003
   2.4180331284854527E-003
  -1.7923511622825051E-003
  -9.5383538048657481E-003
   5.6692613831564605E-002
   5.6798685677781797E-002
  -1.6319214098858954E-002
   4.5712722337372244E-003
   9.2356581112479558E-004
  -3.3713500673314715E-003
   4.8326521423861287E-003
   6.7062897054630272E-003
  -1.5298554379455558E-003
   3.5979665661969177E-003
  -7.4746968546810918E-003
  -6.7483776506048511E-003
   2.0064785029578272E-003
  -2.4467355967490853E-003
  -1.3051118567176105E-002
   4.8321101774196507E-003
   2.5286512497829290E-003
  -3.9179471508790946E-004
  -3.8155425875276735E-003
   7.2011297299887696E-004
   1.2604505521480657E-003
   2.9533765309302409E-003
   4.7307495677688070E-003
  -6.9671896445656792E-004
  -5.3300936328805849E-003
   2.5285169489210218E-003
  -9.9252046744633879E-003
   2.9522748909122281E-003
   4.4783728357752376E-003
   6.8540123056242911E-003
   6.0847287018514877E-003
   5.3318956559192752E-003
  -4.6920035051785528E-003
   1.4044036217781420E-003
   1.1438471505987164E-003
  -9.9253826217141506E-003
  -1.4835081149661726E-002
  -6.3293313507256838E-004
  -3.8765843553033139E-003
   2.0044018078433745E-003
  -1.8534531844197658E-003
  -1.8527578622111749E-003
   2.0044826325332824E-003
  -3.8769615272921101E-003
  -6.3329200860550306E-004
  -1.4835081126567654E-002
  -1.7873794594153222E-002
   2.3406566335016062E-003
   5.0757107388784218E-003
  -9.6394569603598344E-003
   1.1205520787791032E-003
  -2.7367868908523912E-003
   4.6443712574909648E-003
  -8.7839669822194766E-003
  -1.0760768329519822E-003
  -1.7873557266592087E-002
  -1.3563259073713819E-002
  -4.0356338255846226E-003
   9.5344512962960096E-003
  -1.3468658367709533E-002
   1.2270986821838810E-002
   5.9631440386828825E-003
   1.0429654129962447E-002
   2.1958802073366852E-004
   3.5837278307170413E-003
  -1.3562501491437224E-002
   1.0899276855132809E-002
  -4.4553942445357353E-004
  -2.3641567820913254E-003
   2.0876471170089253E-003
   7.5511597586226603E-003
   6.4449586980571804E-003
   2.8678318741415416E-003
  -8.6806655567181305E-003
  -6.9751330873796605E-003
   1.0899279026322213E-002
  -5.2426443354701771E-003
  -2.1280206747973211E-002
   2.8570250366609716E-003
   1.5526223082799166E-002
  -7.1860991816359333E-003
  -1.3608326177585030E-002
   1.1122511749333375E-002
  -3.4226579191652673E-003
   8.4672979493587257E-003
  -5.2419050152424408E-003
  -2.3636928782024723E-003
  -9.6870547539719392E-003
   3.5598634159704490E-003
  -1.3406865458041185E-002
   5.4995392896580758E-002
   6.4651843985986293E-002
  -4.2312440752552841E-003
   2.5604137581033385E-003
   2.0599383810169067E-003
  -2.3641566606867567E-003
  -1.9373577775643113E-003
   8.3588014575380800E-004
  -4.6191695142172758E-003
  -4.4420624095293749E-003
   5.0662400554155260E-002
   5.5072455197096824E-002
  -1.9898661266683503E-002
   7.9278912336143061E-003
  -7.8001824695167607E-003
  -1.9368229447674628E-003
  -9.5216288002251503E-004
   9.7209053819104600E-003
  -1.2771193063326700E-002
   4.1486070061284731E-003
  -5.5207582414812850E-004
   1.5538357879759158E-003
   6.2392448774858103E-003
   1.6071128990272233E-003
  -1.2832200804757995E-002
  -9.5304919669111227E-004
   1.4147026014835489E-002
  -6.6732769767317238E-003
  -9.8864180598392196E-003
  -9.5197250394635550E-004
   1.1557094602826914E-002
  -5.1505069968492065E-003
   8.7144305941241462E-004
   2.1015099061199123E-003
  -2.8577551730263190E-003
   1.4146418890288063E-002
  -7.7957105454970260E-003
   1.3370119980719679E-004
   6.5798897113053889E-003
   3.7055728266521403E-003
   1.0263321749537665E-002
   6.3438465890341949E-003
   1.0960199445148454E-003
   4.4784472358251913E-004
   1.2836956672219349E-003
  -7.7960694042362175E-003
  -1.7873578198691328E-002
   2.3407235392953847E-003
   5.0763143435471891E-003
  -9.6390679507093319E-003
   1.1194049647783577E-003
  -2.7356420841307813E-003
   4.6439238257860458E-003
  -8.7847478114178989E-003
  -1.0763677796010922E-003
  -1.7873340814150207E-002
  -1.6899492930706653E-002
   8.6316721717124775E-003
   9.0231442884536033E-003
  -1.1532574145498801E-002
   8.4470683576557820E-003
   7.6136364667978382E-003
   3.6498467175952263E-003
  -1.8567823968690361E-002
   1.6190009989828834E-003
  -1.6898951630551225E-002
  -2.0468068821356353E-002
  -1.7869130066186300E-002
   2.3817175516327324E-002
  -2.3537442343747886E-002
   1.7042194766071855E-002
   3.1134190490182765E-003
   1.2465982004924683E-002
   7.0056769242274059E-004
   5.5352066829740948E-003
  -2.0467113321431536E-002
   1.6647267028181922E-002
  -5.9959164505784830E-004
  -6.5446979972837516E-003
  -3.8542562595643724E-004
   1.5467104796484350E-002
   2.6856859286037552E-003
   1.9019673728445017E-003
  -2.3936869053528816E-002
  -4.8290834964177243E-003
   1.6647546946979605E-002
  -3.0108108917305063E-003
  -2.8168498801137358E-002
   1.7118471096346181E-002
   2.2279577566993773E-002
  -1.3467198343598342E-002
  -2.0724163704743431E-002
   2.6555684699677739E-002
  -1.1306273746049630E-002
   5.3415450508969009E-003
  -3.0098325894151118E-003
   1.8201091948600429E-003
  -9.4675191297765044E-003
  -8.1908254628775817E-005
  -1.0065560503058155E-002
   6.7924720638342526E-002
   6.8430275011159891E-002
   5.2056552549624218E-003
  -6.8541884715611111E-003
   1.4917752641165521E-002
   1.8197810496048837E-003
   5.7684413611323627E-003
   6.4744985612410003E-003
  -6.0154204400121175E-003
   1.0929911044494023E-004
   4.1068849842749486E-002
   3.8583591287219811E-002
  -1.2531070539706231E-002
   1.2021778725514862E-002
  -2.3024241373831630E-002
   5.7683092424522910E-003
  -4.9810516746787749E-003
   1.2431785623314174E-002
  -2.5318805762540225E-002
   1.6741662115924316E-002
   1.0093449942773319E-002
  -6.8371304329496144E-004
   8.2680629812145715E-005
  -5.2466705282992274E-003
  -1.4650813974870185E-002
  -4.9818704093665608E-003
   5.7348610331354223E-003
   2.6244580370989173E-003
  -1.7874690476845059E-002
   3.5671848715437181E-004
   5.2880892433069754E-003
   9.8327333663209872E-004
  -1.7960222591920274E-003
   5.0485859704517931E-003
  -8.8871790843560779E-003
   5.7338276551990724E-003
  -9.2387412966428474E-003
   8.4487851731712138E-003
   1.0950222518572666E-002
   5.1574239532433501E-003
   2.3704324929314926E-002
  -5.3756533282510032E-004
   3.4930759006811746E-003
   5.2903866753565010E-003
   9.0729531385963218E-003
  -9.2390346873108264E-003
  -1.6898717572306286E-002
   8.6313031430852328E-003
   9.0240482254157033E-003
  -1.1532072316835798E-002
   8.4452957683474050E-003
   7.6146617615636975E-003
   3.6491965543378148E-003
  -1.8568945400247668E-002
   1.6186571184751200E-003
  -1.6898176222476909E-002
  -9.5855736352178731E-003
   1.0909882126012660E-002
   1.1094934641617106E-002
  -6.5413140635206413E-003
   2.2845676265592241E-003
   1.5772466168270223E-002
   2.4937450984798193E-003
  -1.7876952424831741E-002
   1.2302180768764433E-002
  -9.5848666642684432E-003
  -2.4210877320510176E-002
  -1.9589015819791535E-002
   3.1616413608190327E-002
  -2.4464699161878468E-002
   3.0212545845335177E-002
   1.3814020971320939E-003
   1.9072769696946566E-002
   1.4812187529854232E-003
   6.1131810216260331E-003
  -2.4210104814869751E-002
   1.7796975457286358E-002
   1.0507840566963873E-003
  -1.2627204335423747E-002
  -8.2775255529764409E-004
   2.8694943951749940E-002
  -1.4197299335164388E-003
  -5.9788951633909084E-004
  -1.9050553045312897E-002
  -1.6771793100307318E-002
   1.7796781420298842E-002
   1.1713199642351616E-003
  -3.3047796101315842E-002
   1.4862614806634417E-002
   1.9845819209002732E-002
  -2.1351343916187461E-002
  -3.2056424291489451E-002
   3.7189868647697660E-002
  -1.7666947917986744E-002
   5.6818455562722475E-003
   1.1721444741754109E-003
   1.7141791725173151E-002
  -1.2641522723418236E-002
   2.8047339445193067E-003
  -3.5008211252859820E-003
   7.0037780023047586E-002
   7.3279311917736165E-002
   4.8584241159469813E-003
  -2.2258252885216968E-003
   8.9471943116028185E-003
   1.7141398834775327E-002
   4.5651016533547221E-003
   8.2046362008504695E-003
  -7.4563337859554456E-003
   1.1388421363219446E-003
   4.2606768337071083E-002
   2.2178296119428769E-002
   2.0796239282822749E-003
   1.3692694577594084E-002
  -2.2713391991327724E-002
   4.5647918877459951E-003
   1.2667617871198978E-003
   1.2492148063417474E-002
  -2.4416789983640195E-002
   1.6603956751569324E-002
   1.5333339952400672E-002
   5.9601185857894850E-003
  -7.7542874178156175E-003
   2.5045244819405640E-003
  -1.9589925702716907E-002
   1.2653606727092337E-003
   1.8306399254025732E-003
   1.5955624062092451E-003
  -2.0887881325204524E-002
   1.5479752764067268E-003
   7.8600883757610988E-003
  -8.9513371974040412E-003
  -2.4309573901509104E-003
   3.6934373242830431E-003
  -2.3361266318778731E-002
   1.8295270038359737E-003
  -2.6555403621481557E-003
   8.1165735433604228E-003
   8.2623376045244216E-003
   4.5788511372628305E-003
   3.0993958954824295E-002
   4.8185323991828491E-004
   1.0045866385612532E-002
   1.3804532522941431E-002
   5.6762219443465241E-003
  -2.6563325106772869E-003
  -9.5843388096815019E-003
   1.0909251002171371E-002
   1.1095623537466475E-002
  -6.5401480521681135E-003
   2.2827847157458380E-003
   1.5773620708214711E-002
   2.4931825887413053E-003
  -1.7878334579871213E-002
   1.2302110001417739E-002
  -9.5836318161940538E-003
  -1.0861691351692218E-002
   5.9810729931140012E-003
   2.0702843152812934E-002
  -3.4241967949377281E-003
  -8.3310249174607092E-003
   1.0780532540565638E-002
  -3.9657946457178524E-003
  -1.2678448196318337E-002
   8.6446674395637274E-003
  -1.0860731496242967E-002
  -2.5402920148611313E-002
  -1.7176556065179246E-002
   3.0736978115166017E-002
  -2.2449025249385253E-002
   2.4405238171815617E-002
   5.3649313849317469E-003
   1.9053039919214882E-002
  -3.9922375501120740E-003
  -1.5292644144742552E-004
  -2.5402849457744296E-002
   1.4494644302829814E-002
   1.0921862443773503E-002
  -9.9846361396034571E-003
   5.7849003510891369E-003
   3.3304844613490987E-002
  -9.2807378796787212E-003
  -3.9976055936742257E-003
  -2.2538742199389786E-002
  -1.6618173577341654E-002
   1.4494186977779331E-002
   7.0555955550465489E-004
  -3.9645952806906332E-002
   6.3221990497584080E-003
   1.0254178450758440E-002
  -2.2769387709947929E-002
  -4.6336905208706911E-002
   3.6052153953407745E-002
  -1.6423232122594833E-002
   4.6224957911777239E-003
   7.0620824967349471E-004
   1.5259899870342999E-002
  -8.6243670781505962E-003
   1.1016277730529352E-002
  -4.3954517441555955E-003
   6.3492625060786470E-002
   6.1368194664490561E-002
   1.2577795874049450E-002
   2.4845891148566192E-003
   6.2258211891547547E-003
   1.5259757610769781E-002
   2.0937810488604845E-003
   4.1428678589364295E-003
  -6.4117881748467810E-003
   2.1128885450532326E-004
   2.6414059952489351E-002
   3.6254673674393123E-003
   2.1326549460466942E-004
   9.1890738196174250E-003
  -3.3837622916386159E-002
   2.0930055790767945E-003
   8.7751538236607147E-004
   2.3829674192971564E-002
  -1.6977079708007742E-002
   1.0217439909794956E-002
   1.7967010979862631E-002
   1.0398715189302606E-002
  -1.1837758455629394E-002
  -9.7993987594271257E-006
  -2.4157263507339297E-002
   8.7562383569409971E-004
  -8.0910194819988190E-003
  -8.1662742222124145E-003
  -1.7599719196852319E-002
  -2.7114781756189025E-003
   9.3641569841902052E-003
  -2.3043982086816669E-002
  -1.0419840309625381E-002
   6.1954642825936992E-004
  -2.4006444018257692E-002
  -8.0921959962140990E-003
   2.5163152558116183E-003
   4.4548187056766154E-003
   1.7532741911421550E-002
  -7.8842128526841011E-004
   2.4731354953425825E-002
   4.1174734030491955E-003
   1.1893973468066964E-002
   2.4434626646052789E-002
   6.3447350492485642E-003
   2.5158040077615379E-003
  -1.0860092167295214E-002
   5.9803013555013397E-003
   2.0703894182711721E-002
  -3.4224837795952387E-003
  -8.3325794930907658E-003
   1.0781575574818326E-002
  -3.9659160153306004E-003
  -1.2680377432770768E-002
   8.6447835054321194E-003
  -1.0859132283774917E-002
  -9.1699614551252612E-003
   4.5405122369205318E-003
   2.6736791280398357E-002
  -4.7055354701651146E-003
  -7.0634246951259121E-003
   1.5721003906042127E-002
  -9.4963504785337514E-003
  -7.6067256714185518E-003
   1.7231545511467803E-002
  -9.1686575080287217E-003
  -1.8707085798126195E-002
  -2.3244178165389685E-002
   2.9512335160621472E-002
  -2.2138352500963406E-002
   1.6858684744715750E-002
   3.8987515503827353E-003
   8.5429799074086283E-003
   7.5023910936266773E-003
   4.1309658870030096E-003
  -1.8707231255837654E-002
   1.9376561728641849E-002
   1.2055578591123207E-002
  -1.2835511028909289E-002
   6.5045648586084864E-003
   3.5238937988561800E-002
  -1.0846197296105758E-002
  -5.0577465711181468E-003
  -2.1938028621586073E-002
  -1.7191179936668244E-002
   1.9376019181651681E-002
  -4.1880658128734235E-003
  -4.0456410524858995E-002
   2.2783548719537742E-003
   1.4200276077081037E-002
  -1.7224142472428164E-002
  -4.0487925867114832E-002
   4.1215787449073130E-002
  -1.6124247480975729E-002
   3.7980914032431502E-003
  -4.1877452197315668E-003
   1.8981362307127343E-002
  -1.5815209001826473E-003
   7.5755938284440810E-003
  -7.6848651247294697E-003
   4.7264710715001199E-002
   4.8437198552625016E-002
   6.4138629549548801E-003
  -6.2772657872878623E-003
   4.1128909309045792E-003
   1.8981435147904100E-002
   7.8245552347536960E-003
   2.6930069117338190E-003
  -3.2674425390996466E-003
  -4.3157304936253284E-003
   1.7597305294389944E-002
  -8.7661612126659662E-003
   1.9313295422527129E-002
   1.8272935023248515E-002
  -2.8967582505347134E-002
   7.8232780222014867E-003
  -3.4821534048546923E-003
   3.0849571216640649E-002
  -2.3714279496656776E-002
   4.2071216661272387E-003
   1.7109468011824443E-002
  -3.3319151064881868E-004
  -1.7390645567307680E-002
  -5.1525280968715316E-003
  -2.5529114230717732E-002
  -3.4839082090773257E-003
  -1.3051521886291278E-002
  -1.3571532730034004E-002
  -6.4825033181314948E-003
   4.5273983165470269E-004
   1.5437011653302635E-002
  -2.5726111644519621E-002
  -6.9992102055359984E-003
   7.0200753562993075E-003
  -2.6860529516172401E-002
  -1.3052709808963583E-002
   2.9978500028030254E-003
  -5.4356716143210511E-003
   2.6291771581304628E-002
  -1.1218517073838663E-002
   2.5626026313462676E-002
   1.1781541638940130E-003
   7.3800580577286501E-003
   3.0248506258524800E-002
   9.2618304115248840E-003
   2.9976525712518669E-003
  -9.1677631693698747E-003
   4.5392259524799708E-003
   2.6737384440848815E-002
  -4.7036350257228963E-003
  -7.0655317453184041E-003
   1.5722196274184381E-002
  -9.4964054878350183E-003
  -7.6090408619050361E-003
   1.7232108274622557E-002
  -9.1664591896430305E-003
  -1.5790218987894747E-002
   5.5843879064047689E-004
   2.3290514970902697E-002
  -1.4212874432905644E-002
  -7.3007140315858507E-004
   2.0203162795730659E-002
  -2.0621184038678693E-002
   6.9909583461284395E-004
   1.9871127266359982E-002
  -1.5788394180276714E-002
  -2.0432364407074469E-002
  -2.5249722710367368E-002
   2.5263747486916996E-002
  -2.7667358592244014E-002
   7.3510217603053067E-003
  -2.0361078407275055E-003
   1.3414720096569684E-003
   1.5058853727582309E-002
  -1.7774618564714404E-003
  -2.0432665083324586E-002
   1.8685474610938117E-002
   1.6886684278772098E-002
  -4.5260516005222332E-003
   1.4159774277203000E-002
   3.1086592823544097E-002
  -1.1510266237295733E-002
  -6.3110699327429080E-003
  -1.4220741808876138E-002
  -1.3052128835431781E-002
   1.8684639589035153E-002
  -4.6876911959421773E-003
  -3.9397267496424901E-002
  -1.6733375798212490E-003
   8.1443333839086394E-003
  -1.2321495843181001E-002
  -3.8611950216748431E-002
   4.8342391090844379E-002
  -1.3260838377929136E-002
  -7.0177558899125298E-004
  -4.6873207082195256E-003
   1.1570190053716956E-002
   2.6358871688548936E-003
   1.4882687396774338E-002
  -6.3675044353682115E-003
   3.6710354115873839E-002
   3.4656277156595201E-002
   8.8374128484540564E-003
  -5.4449154492271189E-003
   5.9974987474258707E-003
   1.1570229411689965E-002
   1.6979809823564212E-002
   8.6566813282295541E-003
  -1.4585801310540490E-004
  -1.0302121998100133E-002
   1.2615502114354853E-002
  -2.0056780928874991E-002
   3.0007464879700355E-002
   3.2731831617186721E-002
  -2.4133260673774151E-002
   1.6978094624472178E-002
  -7.8275252385866662E-003
   2.9624339197362383E-002
  -2.3121417206859618E-002
   6.5765745557962909E-003
   1.3968441961145462E-002
  -2.6961333320127067E-003
  -1.3219516506903327E-002
  -7.5328771142977400E-003
  -2.1123667243338487E-002
  -7.8295928927615121E-003
  -1.5291627472226801E-002
  -2.5373385446692213E-002
   6.3885427443034345E-003
   4.7331157312374044E-003
   1.6640879515763974E-002
  -3.2732956179881527E-002
  -1.5833651856091494E-002
  -4.1958604204564032E-003
  -2.6980033569522263E-002
  -1.5292709746604289E-002
   8.6908732310302852E-003
  -1.1080674588246507E-002
   3.2917232362356795E-002
  -2.1707194424463616E-002
   1.5878595385680934E-002
   1.7803053947331631E-003
   1.1495355412714446E-002
   3.5367468101582096E-002
   1.3608896258664335E-002
   8.6908822279171891E-003
  -1.5787479456004293E-002
   5.5651039940404778E-004
   2.3291491954590682E-002
  -1.4210939670996781E-002
  -7.3239109490788991E-004
   2.0203887950819895E-002
  -2.0621309037330886E-002
   6.9656465870027748E-004
   1.9872191489011377E-002
  -1.5785654580759766E-002
  -6.6039340885344598E-003
   2.6435212728396712E-003
   2.6454447462099021E-002
  -2.1649479808909161E-002
   6.9405893465799944E-003
   1.9711764267228343E-002
  -2.1344901853522284E-002
  -2.8465440487969386E-003
   2.1819346527483893E-002
  -6.6015105907403851E-003
  -2.6581601803475442E-002
  -3.1879300067075921E-002
   2.0857916158040807E-002
  -3.2969173915427266E-002
   1.9734994574713526E-003
   1.7980334004971741E-003
  -8.4066460525018850E-003
   2.2068734746961187E-002
   6.4138010397111096E-003
  -2.6581955769096978E-002
   2.1506969784820005E-002
   1.5967271655916684E-002
   4.8008960873521913E-003
   1.4874562466651258E-002
   3.1386057703228325E-002
  -1.3598187064652007E-002
  -7.6165699799507726E-003
  -1.0494622262134707E-002
  -2.1714412754771061E-002
   2.1506050079997074E-002
   1.8555756435960616E-003
  -3.8853989065226406E-002
  -3.6025617406946087E-003
  -3.6159324640019490E-004
  -8.8844023377965802E-003
  -4.0642283871100429E-002
   4.4086354106532714E-002
  -1.3506151111977635E-002
   2.5988695336399727E-003
   1.8564419590531150E-003
   5.0477438605710740E-003
   4.5805930740841442E-003
   2.3542958985188930E-002
  -1.5104638798467789E-002
   2.7774018789505535E-002
   2.0913105546196738E-002
   6.6081151627668333E-003
  -4.6523690044066833E-003
   3.6042490655754230E-003
   5.0475829598470483E-003
   2.1865692446817745E-002
   1.2464393067455682E-002
   7.0141801909863058E-003
  -1.1676494364592527E-002
   8.2030421245444865E-003
  -2.8136588525215670E-002
   2.7017907899674308E-002
   3.6785355310354526E-002
  -2.6186575443705659E-002
   2.1864171882188914E-002
  -1.4477251751090558E-002
   3.5981784493149975E-002
  -2.7573524649140913E-002
   1.2135269999477260E-002
   9.0480896020737923E-003
  -4.4068653110454587E-003
  -1.7210452240113638E-002
  -8.6949051769323552E-003
  -1.2246232097790005E-002
  -1.4479384159369210E-002
  -1.5657039602946603E-002
  -3.1706843338299137E-002
   2.2229925737291049E-002
   1.8175574846061647E-003
   2.2081294481524218E-002
  -3.7366891969979520E-002
  -2.1523485642869423E-002
  -1.1170796544538116E-002
  -2.1098516904392458E-002
  -1.5657754269782376E-002
   1.1589768570418581E-002
  -3.5959108099573533E-003
   3.0727967501914515E-002
  -2.3664652113374419E-002
   1.2033158369689852E-002
  -2.6673237349805687E-003
   7.8796747230620110E-003
   3.6489846753257935E-002
   1.4927417788748325E-002
   1.1589599834385008E-002
  -6.6004559929663869E-003
   2.6414690539035722E-003
   2.6455323333939591E-002
  -2.1647480217305823E-002
   6.9381713776446472E-003
   1.9711476726703196E-002
  -2.1344674219513478E-002
  -2.8490161263855091E-003
   2.1820310620356546E-002
  -6.5980324453879377E-003
  -3.1568936586829216E-003
   9.6963587484406241E-003
   3.9872663804103713E-003
  -2.5123341752189991E-002
   1.0329484511097858E-002
   3.9186132768610188E-002
  -2.8203141077461878E-002
   7.4522496352266926E-003
   1.8303220626453530E-002
  -3.1538709010880002E-003
  -2.1535441103717998E-002
  -4.5138898906428089E-002
   2.3966486250968845E-002
  -3.7997973849120827E-002
   3.0050089993950116E-003
  -4.2299170585362832E-003
  -1.6549245590665097E-002
   3.0065093181864840E-002
   9.0360870600063176E-003
  -2.1535751592833625E-002
   1.0918414755893412E-002
   1.2237353076295655E-002
   7.4489472853520684E-003
   8.7343823511236982E-004
   3.3702537810666490E-002
  -1.2947274875780183E-002
  -6.0679264374821152E-003
  -1.4003761653024244E-002
  -1.3377519722374413E-002
   1.0917196685607306E-002
   3.5892168370109832E-003
  -3.7811753682951102E-002
  -5.8172469357661702E-003
  -1.6439940022326339E-002
   1.0396486811182673E-002
  -4.3457904054925549E-002
   3.2479601239352972E-002
  -9.9711592569156626E-003
   1.2542825848917806E-002
   3.5904251158564910E-003
  -4.7521472289715006E-003
   2.0392418720772908E-004
   3.6320051059305573E-002
  -2.7616571951474825E-002
   2.1217054290096970E-002
  -5.2153188187694516E-003
   1.5797233004469325E-002
  -6.8712289731235523E-003
   5.0138765588572057E-003
  -4.7522737215937314E-003
   1.6008051424985344E-002
   1.4950463698270060E-002
   1.0275539236406723E-002
  -1.0373583112993755E-002
  -1.0299423928376659E-002
  -2.9143699475713464E-002
   2.0300425817495742E-002
   4.4112328736206380E-002
  -2.7324760210267914E-002
   1.6006016934170104E-002
  -2.0969257104306381E-002
   4.8865122368862327E-002
  -2.3793707103049906E-002
   9.5758112011751582E-003
   1.8490867633296940E-002
  -1.1416186802684964E-002
  -1.8983019407603052E-002
   3.3259394416714182E-003
  -5.1829230071650245E-003
  -2.0971234472884751E-002
  -1.9498367340338024E-002
  -4.3610882945148942E-002
   2.9447391133137470E-002
  -1.5897404678683821E-003
   2.2611385818968436E-002
  -3.7869010656478110E-002
  -2.6604752226805525E-002
  -1.3538120443043958E-002
  -1.9731439766439911E-002
  -1.9498896312578274E-002
   1.7110738014354979E-002
   5.5811457795955062E-003
   4.7031466633045999E-002
  -3.7151623238923542E-002
   3.3287686180868180E-003
   2.1939009212982399E-003
   9.0565498823721308E-004
   2.9741002093232587E-002
   1.9307343750058610E-002
   1.7110211865324597E-002
  -3.1529631341971633E-003
   9.6942916573434859E-003
   3.9881499688655259E-003
  -2.5121367501649249E-002
   1.0327919103133715E-002
   3.9184717773387313E-002
  -2.8202438893813152E-002
   7.4497639758877134E-003
   1.8303548160704581E-002
  -3.1499403365873972E-003
  -3.4754892546641150E-004
   9.8404954705170397E-003
  -1.5079886043411030E-003
  -1.1370160552880280E-002
   8.4550223261250675E-003
   4.8259163025455416E-002
  -3.2889158530025255E-002
   4.1179500694178564E-003
   1.1860376599042806E-002
  -3.4483656413411031E-004
  -3.2783688352775273E-002
  -4.1602475700510635E-002
   1.0413525121784390E-002
  -3.4159435943202747E-002
   4.9849938726879029E-003
   7.1575841281008440E-003
  -1.7909757976725799E-002
   3.0670167400224761E-002
   4.9690966936702247E-003
  -3.2784395590723540E-002
   7.9656753841063476E-003
   9.0631992479986243E-003
  -4.3399787391789884E-003
   7.2504130924580046E-004
   3.7373079692476829E-002
  -1.8865627297798440E-003
   2.2567816519210517E-003
  -1.3451610386201575E-002
  -1.9758394279162809E-002
   7.9641430803492723E-003
  -3.8992781793095771E-003
  -4.4039355355233775E-002
  -1.3773498795056609E-002
  -3.4245839331373089E-002
   1.5328163399833951E-002
  -3.7387744928972073E-002
   2.5039261322908721E-002
  -1.1120814831370243E-002
   2.3530460322836923E-002
  -3.8980894294205902E-003
  -2.7661430577396217E-003
   1.2633743431259017E-003
   3.2017071535757731E-002
  -3.0848677339643249E-002
   6.8247925405326365E-003
  -2.8273632119295351E-002
   1.4165365887890996E-002
   3.5962081912286987E-003
   3.7690014972141862E-003
  -2.7664088894274129E-003
   8.8061473833895322E-003
   1.4915881614943751E-002
   3.4365259630385440E-003
   7.0808684571694600E-003
  -1.9942790212473832E-002
  -3.3784166625502113E-002
   1.5251889125376382E-002
   5.4537064878016100E-002
  -2.9740348922143483E-002
   8.8042622283737732E-003
  -3.9548516230895586E-002
   5.7695959040156231E-002
  -3.2705735702944501E-002
   1.2774294684283984E-002
   1.3437058250369902E-002
  -8.3080500562281202E-003
  -1.4443637657611657E-002
   7.1048570073701358E-003
  -9.7123371834074781E-003
  -3.9550485750461183E-002
  -1.7281931946526486E-002
  -4.9941230766879868E-002
   3.0084105189772163E-002
  -2.5461820804784331E-003
   2.4398844183764458E-002
  -3.4790545972119856E-002
  -1.8076446033114320E-002
  -1.9639573695815298E-002
  -1.2719413601316117E-002
  -1.7282795755236564E-002
   1.8341463923790935E-002
   3.6442864408472936E-003
   5.0986093220992040E-002
  -3.7564301110265708E-002
   1.3358686410970281E-004
  -6.4881615638742555E-004
  -5.9543031719318422E-003
   3.4161838849303898E-002
   1.5042555144633389E-002
   1.8340237128864251E-002
  -3.4409586392611304E-004
   9.8382986505557036E-003
  -1.5071044552817593E-003
  -1.1368526832449986E-002
   8.4537246059706861E-003
   4.8257384398908178E-002
  -3.2888227657986158E-002
   4.1157365590642377E-003
   1.1859962096546118E-002
  -3.4138346308081090E-004
