   6.1555641804334092E-003
   1.9938511429960927E-002
  -2.1400507726180698E-002
   4.7276473312331110E-003
   1.7715632725560562E-002
   1.2995935102510365E-002
  -1.4929812458143904E-002
  -1.2721438933808860E-002
   1.5668254793951435E-002
   6.1558860238381773E-003
   5.9520857392336163E-003
   3.1541336053207115E-002
  -7.2145448918026584E-003
   2.4043156318605995E-002
   2.3953992900882497E-002
  -1.5767051245134067E-002
   5.2622774505898910E-003
   3.4077481080222083E-003
  -1.1722132728009327E-003
   5.9515654881502397E-003
   2.7032313484239693E-003
  -3.5196688708414698E-003
  -2.0689967387043451E-003
   6.3293720067188943E-003
   2.6243019301412790E-003
   1.9445584938593068E-003
   2.8686176832874938E-003
  -6.8852459551646643E-003
  -7.3982177291922859E-003
   2.7034066031156865E-003
   1.1937243333956980E-002
  -3.0696851918432362E-002
   1.2075100066419963E-002
   1.4684538491868025E-003
   1.7280449315532232E-003
   9.2381506436481006E-003
  -8.2695630041310763E-003
   1.0366940000900091E-002
   2.6599937364374535E-002
   1.1937928756244076E-002
   1.4381852776944103E-002
   1.0151384439298425E-002
   1.8628398781255426E-003
  -1.1948235271522948E-002
  -3.7210961481859233E-003
   7.8278677793042675E-003
  -1.0949865735714080E-002
  -3.1507750997814769E-002
  -1.6729977002320003E-003
   1.4380826203700143E-002
   2.0785022623432186E-003
   3.2583339303076733E-002
   1.0572204168630474E-002
  -2.0468456312804417E-002
  -1.2610433970285944E-002
   2.0151816684185447E-002
   8.7409641286308720E-003
  -2.2244112191550799E-002
  -9.5184954503588545E-003
   2.0787834797752914E-003
  -2.3490597237999459E-002
  -2.3579724339008817E-003
  -2.9202284255119650E-003
   2.4666520287729078E-003
  -3.7615195967765015E-003
  -1.1407435243500500E-002
  -1.9295754473258569E-003
  -7.5781743743813142E-003
   1.8380818746995093E-003
  -2.3489789926497619E-002
  -1.1458693271246094E-003
   5.9586432452474851E-003
  -1.0130625199092370E-002
   1.3402433517946847E-002
   3.0703488952482623E-003
  -1.4380211629301514E-002
  -1.2602023888192525E-002
   1.3298658988244033E-003
  -2.4130963878670848E-003
  -1.1470209818229152E-003
  -7.3556643308603465E-003
  -2.5732670601537309E-002
   3.7267645889090774E-003
  -2.3705153922982881E-002
   5.0554885574095043E-003
  -1.9719370284067344E-003
  -2.1188215261439283E-002
   5.3222026081532299E-003
  -1.2875281935933309E-002
  -7.3557842732545880E-003
   6.1556920278838332E-003
   1.9938451231576698E-002
  -2.1399743001164973E-002
   4.7275214937944118E-003
   1.7715409341677174E-002
   1.2994307003577022E-002
  -1.4929271014173927E-002
  -1.2721217408553599E-002
   1.5667802591916136E-002
   6.1560138506708958E-003
   6.1555641804334092E-003
   1.9938511429960927E-002
  -2.1400507726180698E-002
   4.7276473312331110E-003
   1.7715632725560562E-002
   1.2995935102510365E-002
  -1.4929812458143904E-002
  -1.2721438933808860E-002
   1.5668254793951435E-002
   6.1558860238381773E-003
   5.9520857392336163E-003
   3.1541336053207115E-002
  -7.2145448918026584E-003
   2.4043156318605995E-002
   2.3953992900882497E-002
  -1.5767051245134067E-002
   5.2622774505898910E-003
   3.4077481080222083E-003
  -1.1722132728009327E-003
   5.9515654881502397E-003
   2.7032313484239693E-003
  -3.5196688708414698E-003
  -2.0689967387043451E-003
   6.3293720067188943E-003
   2.6243019301412790E-003
   1.9445584938593068E-003
   2.8686176832874938E-003
  -6.8852459551646643E-003
  -7.3982177291922859E-003
   2.7034066031156865E-003
   1.1937243333956980E-002
  -3.0696851918432362E-002
   1.2075100066419963E-002
   1.4684538491868025E-003
   1.7280449315532232E-003
   9.2381506436481006E-003
  -8.2695630041310763E-003
   1.0366940000900091E-002
   2.6599937364374535E-002
   1.1937928756244076E-002
   1.4381852776944103E-002
   1.0151384439298425E-002
   1.8628398781255426E-003
  -1.1948235271522948E-002
  -3.7210961481859233E-003
   7.8278677793042675E-003
  -1.0949865735714080E-002
  -3.1507750997814769E-002
  -1.6729977002320003E-003
   1.4380826203700143E-002
   2.0785022623432186E-003
   3.2583339303076733E-002
   1.0572204168630474E-002
  -2.0468456312804417E-002
  -1.2610433970285944E-002
   2.0151816684185447E-002
   8.7409641286308720E-003
  -2.2244112191550799E-002
  -9.5184954503588545E-003
   2.0787834797752914E-003
  -2.3490597237999459E-002
  -2.3579724339008817E-003
  -2.9202284255119650E-003
   2.4666520287729078E-003
  -3.7615195967765015E-003
  -1.1407435243500500E-002
  -1.9295754473258569E-003
  -7.5781743743813142E-003
   1.8380818746995093E-003
  -2.3489789926497619E-002
  -1.1458693271246094E-003
   5.9586432452474851E-003
  -1.0130625199092370E-002
   1.3402433517946847E-002
   3.0703488952482623E-003
  -1.4380211629301514E-002
  -1.2602023888192525E-002
   1.3298658988244033E-003
  -2.4130963878670848E-003
  -1.1470209818229152E-003
  -7.3556643308603465E-003
  -2.5732670601537309E-002
   3.7267645889090774E-003
  -2.3705153922982881E-002
   5.0554885574095043E-003
  -1.9719370284067344E-003
  -2.1188215261439283E-002
   5.3222026081532299E-003
  -1.2875281935933309E-002
  -7.3557842732545880E-003
   6.1556920278838332E-003
   1.9938451231576698E-002
  -2.1399743001164973E-002
   4.7275214937944118E-003
   1.7715409341677174E-002
   1.2994307003577022E-002
  -1.4929271014173927E-002
  -1.2721217408553599E-002
   1.5667802591916136E-002
   6.1560138506708958E-003
   6.1555641804334092E-003
   1.9938511429960927E-002
  -2.1400507726180698E-002
   4.7276473312331110E-003
   1.7715632725560562E-002
   1.2995935102510365E-002
  -1.4929812458143904E-002
  -1.2721438933808860E-002
   1.5668254793951435E-002
   6.1558860238381773E-003
   5.9520857392336163E-003
   3.1541336053207115E-002
  -7.2145448918026584E-003
   2.4043156318605995E-002
   2.3953992900882497E-002
  -1.5767051245134067E-002
   5.2622774505898910E-003
   3.4077481080222083E-003
  -1.1722132728009327E-003
   5.9515654881502397E-003
   2.7032313484239693E-003
  -3.5196688708414698E-003
  -2.0689967387043451E-003
   6.3293720067188943E-003
   2.6243019301412790E-003
   1.9445584938593068E-003
   2.8686176832874938E-003
  -6.8852459551646643E-003
  -7.3982177291922859E-003
   2.7034066031156865E-003
   1.1937243333956980E-002
  -3.0696851918432362E-002
   1.2075100066419963E-002
   1.4684538491868025E-003
   1.7280449315532232E-003
   9.2381506436481006E-003
  -8.2695630041310763E-003
   1.0366940000900091E-002
   2.6599937364374535E-002
   1.1937928756244076E-002
   1.4381852776944103E-002
   1.0151384439298425E-002
   1.8628398781255426E-003
  -1.1948235271522948E-002
  -3.7210961481859233E-003
   7.8278677793042675E-003
  -1.0949865735714080E-002
  -3.1507750997814769E-002
  -1.6729977002320003E-003
   1.4380826203700143E-002
   2.0785022623432186E-003
   3.2583339303076733E-002
   1.0572204168630474E-002
  -2.0468456312804417E-002
  -1.2610433970285944E-002
   2.0151816684185447E-002
   8.7409641286308720E-003
  -2.2244112191550799E-002
  -9.5184954503588545E-003
   2.0787834797752914E-003
  -2.3490597237999459E-002
  -2.3579724339008817E-003
  -2.9202284255119650E-003
   2.4666520287729078E-003
  -3.7615195967765015E-003
  -1.1407435243500500E-002
  -1.9295754473258569E-003
  -7.5781743743813142E-003
   1.8380818746995093E-003
  -2.3489789926497619E-002
  -1.1458693271246094E-003
   5.9586432452474851E-003
  -1.0130625199092370E-002
   1.3402433517946847E-002
   3.0703488952482623E-003
  -1.4380211629301514E-002
  -1.2602023888192525E-002
   1.3298658988244033E-003
  -2.4130963878670848E-003
  -1.1470209818229152E-003
  -7.3556643308603465E-003
  -2.5732670601537309E-002
   3.7267645889090774E-003
  -2.3705153922982881E-002
   5.0554885574095043E-003
  -1.9719370284067344E-003
  -2.1188215261439283E-002
   5.3222026081532299E-003
  -1.2875281935933309E-002
  -7.3557842732545880E-003
   6.1556920278838332E-003
   1.9938451231576698E-002
  -2.1399743001164973E-002
   4.7275214937944118E-003
   1.7715409341677174E-002
   1.2994307003577022E-002
  -1.4929271014173927E-002
  -1.2721217408553599E-002
   1.5667802591916136E-002
   6.1560138506708958E-003
   6.1555641804334092E-003
   1.9938511429960927E-002
  -2.1400507726180698E-002
   4.7276473312331110E-003
   1.7715632725560562E-002
   1.2995935102510365E-002
  -1.4929812458143904E-002
  -1.2721438933808860E-002
   1.5668254793951435E-002
   6.1558860238381773E-003
   5.9520857392336163E-003
   3.1541336053207115E-002
  -7.2145448918026584E-003
   2.4043156318605995E-002
   2.3953992900882497E-002
  -1.5767051245134067E-002
   5.2622774505898910E-003
   3.4077481080222083E-003
  -1.1722132728009327E-003
   5.9515654881502397E-003
   2.7032313484239693E-003
  -3.5196688708414698E-003
  -2.0689967387043451E-003
   6.3293720067188943E-003
   2.6243019301412790E-003
   1.9445584938593068E-003
   2.8686176832874938E-003
  -6.8852459551646643E-003
  -7.3982177291922859E-003
   2.7034066031156865E-003
   1.1937243333956980E-002
  -3.0696851918432362E-002
   1.2075100066419963E-002
   1.4684538491868025E-003
   1.7280449315532232E-003
   9.2381506436481006E-003
  -8.2695630041310763E-003
   1.0366940000900091E-002
   2.6599937364374535E-002
   1.1937928756244076E-002
   1.4381852776944103E-002
   1.0151384439298425E-002
   1.8628398781255426E-003
  -1.1948235271522948E-002
  -3.7210961481859233E-003
   7.8278677793042675E-003
  -1.0949865735714080E-002
  -3.1507750997814769E-002
  -1.6729977002320003E-003
   1.4380826203700143E-002
   2.0785022623432186E-003
   3.2583339303076733E-002
   1.0572204168630474E-002
  -2.0468456312804417E-002
  -1.2610433970285944E-002
   2.0151816684185447E-002
   8.7409641286308720E-003
  -2.2244112191550799E-002
  -9.5184954503588545E-003
   2.0787834797752914E-003
  -2.3490597237999459E-002
  -2.3579724339008817E-003
  -2.9202284255119650E-003
   2.4666520287729078E-003
  -3.7615195967765015E-003
  -1.1407435243500500E-002
  -1.9295754473258569E-003
  -7.5781743743813142E-003
   1.8380818746995093E-003
  -2.3489789926497619E-002
  -1.1458693271246094E-003
   5.9586432452474851E-003
  -1.0130625199092370E-002
   1.3402433517946847E-002
   3.0703488952482623E-003
  -1.4380211629301514E-002
  -1.2602023888192525E-002
   1.3298658988244033E-003
  -2.4130963878670848E-003
  -1.1470209818229152E-003
  -7.3556643308603465E-003
  -2.5732670601537309E-002
   3.7267645889090774E-003
  -2.3705153922982881E-002
   5.0554885574095043E-003
  -1.9719370284067344E-003
  -2.1188215261439283E-002
   5.3222026081532299E-003
  -1.2875281935933309E-002
  -7.3557842732545880E-003
   6.1556920278838332E-003
   1.9938451231576698E-002
  -2.1399743001164973E-002
   4.7275214937944118E-003
   1.7715409341677174E-002
   1.2994307003577022E-002
  -1.4929271014173927E-002
  -1.2721217408553599E-002
   1.5667802591916136E-002
   6.1560138506708958E-003
   6.1555641804334092E-003
   1.9938511429960927E-002
  -2.1400507726180698E-002
   4.7276473312331110E-003
   1.7715632725560562E-002
   1.2995935102510365E-002
  -1.4929812458143904E-002
  -1.2721438933808860E-002
   1.5668254793951435E-002
   6.1558860238381773E-003
   5.9520857392336163E-003
   3.1541336053207115E-002
  -7.2145448918026584E-003
   2.4043156318605995E-002
   2.3953992900882497E-002
  -1.5767051245134067E-002
   5.2622774505898910E-003
   3.4077481080222083E-003
  -1.1722132728009327E-003
   5.9515654881502397E-003
   2.7032313484239693E-003
  -3.5196688708414698E-003
  -2.0689967387043451E-003
   6.3293720067188943E-003
   2.6243019301412790E-003
   1.9445584938593068E-003
   2.8686176832874938E-003
  -6.8852459551646643E-003
  -7.3982177291922859E-003
   2.7034066031156865E-003
   1.1937243333956980E-002
  -3.0696851918432362E-002
   1.2075100066419963E-002
   1.4684538491868025E-003
   1.7280449315532232E-003
   9.2381506436481006E-003
  -8.2695630041310763E-003
   1.0366940000900091E-002
   2.6599937364374535E-002
   1.1937928756244076E-002
   1.4381852776944103E-002
   1.0151384439298425E-002
   1.8628398781255426E-003
  -1.1948235271522948E-002
  -3.7210961481859233E-003
   7.8278677793042675E-003
  -1.0949865735714080E-002
  -3.1507750997814769E-002
  -1.6729977002320003E-003
   1.4380826203700143E-002
   2.0785022623432186E-003
   3.2583339303076733E-002
   1.0572204168630474E-002
  -2.0468456312804417E-002
  -1.2610433970285944E-002
   2.0151816684185447E-002
   8.7409641286308720E-003
  -2.2244112191550799E-002
  -9.5184954503588545E-003
   2.0787834797752914E-003
  -2.3490597237999459E-002
  -2.3579724339008817E-003
  -2.9202284255119650E-003
   2.4666520287729078E-003
  -3.7615195967765015E-003
  -1.1407435243500500E-002
  -1.9295754473258569E-003
  -7.5781743743813142E-003
   1.8380818746995093E-003
  -2.3489789926497619E-002
  -1.1458693271246094E-003
   5.9586432452474851E-003
  -1.0130625199092370E-002
   1.3402433517946847E-002
   3.0703488952482623E-003
  -1.4380211629301514E-002
  -1.2602023888192525E-002
   1.3298658988244033E-003
  -2.4130963878670848E-003
  -1.1470209818229152E-003
  -7.3556643308603465E-003
  -2.5732670601537309E-002
   3.7267645889090774E-003
  -2.3705153922982881E-002
   5.0554885574095043E-003
  -1.9719370284067344E-003
  -2.1188215261439283E-002
   5.3222026081532299E-003
  -1.2875281935933309E-002
  -7.3557842732545880E-003
   6.1556920278838332E-003
   1.9938451231576698E-002
  -2.1399743001164973E-002
   4.7275214937944118E-003
   1.7715409341677174E-002
   1.2994307003577022E-002
  -1.4929271014173927E-002
  -1.2721217408553599E-002
   1.5667802591916136E-002
   6.1560138506708958E-003
   6.1555641804334092E-003
   1.9938511429960927E-002
  -2.1400507726180698E-002
   4.7276473312331110E-003
   1.7715632725560562E-002
   1.2995935102510365E-002
  -1.4929812458143904E-002
  -1.2721438933808860E-002
   1.5668254793951435E-002
   6.1558860238381773E-003
   5.9520857392336163E-003
   3.1541336053207115E-002
  -7.2145448918026584E-003
   2.4043156318605995E-002
   2.3953992900882497E-002
  -1.5767051245134067E-002
   5.2622774505898910E-003
   3.4077481080222083E-003
  -1.1722132728009327E-003
   5.9515654881502397E-003
   2.7032313484239693E-003
  -3.5196688708414698E-003
  -2.0689967387043451E-003
   6.3293720067188943E-003
   2.6243019301412790E-003
   1.9445584938593068E-003
   2.8686176832874938E-003
  -6.8852459551646643E-003
  -7.3982177291922859E-003
   2.7034066031156865E-003
   1.1937243333956980E-002
  -3.0696851918432362E-002
   1.2075100066419963E-002
   1.4684538491868025E-003
   1.7280449315532232E-003
   9.2381506436481006E-003
  -8.2695630041310763E-003
   1.0366940000900091E-002
   2.6599937364374535E-002
   1.1937928756244076E-002
   1.4381852776944103E-002
   1.0151384439298425E-002
   1.8628398781255426E-003
  -1.1948235271522948E-002
  -3.7210961481859233E-003
   7.8278677793042675E-003
  -1.0949865735714080E-002
  -3.1507750997814769E-002
  -1.6729977002320003E-003
   1.4380826203700143E-002
   2.0785022623432186E-003
   3.2583339303076733E-002
   1.0572204168630474E-002
  -2.0468456312804417E-002
  -1.2610433970285944E-002
   2.0151816684185447E-002
   8.7409641286308720E-003
  -2.2244112191550799E-002
  -9.5184954503588545E-003
   2.0787834797752914E-003
  -2.3490597237999459E-002
  -2.3579724339008817E-003
  -2.9202284255119650E-003
   2.4666520287729078E-003
  -3.7615195967765015E-003
  -1.1407435243500500E-002
  -1.9295754473258569E-003
  -7.5781743743813142E-003
   1.8380818746995093E-003
  -2.3489789926497619E-002
  -1.1458693271246094E-003
   5.9586432452474851E-003
  -1.0130625199092370E-002
   1.3402433517946847E-002
   3.0703488952482623E-003
  -1.4380211629301514E-002
  -1.2602023888192525E-002
   1.3298658988244033E-003
  -2.4130963878670848E-003
  -1.1470209818229152E-003
  -7.3556643308603465E-003
  -2.5732670601537309E-002
   3.7267645889090774E-003
  -2.3705153922982881E-002
   5.0554885574095043E-003
  -1.9719370284067344E-003
  -2.1188215261439283E-002
   5.3222026081532299E-003
  -1.2875281935933309E-002
  -7.3557842732545880E-003
   6.1556920278838332E-003
   1.9938451231576698E-002
  -2.1399743001164973E-002
   4.7275214937944118E-003
   1.7715409341677174E-002
   1.2994307003577022E-002
  -1.4929271014173927E-002
  -1.2721217408553599E-002
   1.5667802591916136E-002
   6.1560138506708958E-003
   6.1555641804334092E-003
   1.9938511429960927E-002
  -2.1400507726180698E-002
   4.7276473312331110E-003
   1.7715632725560562E-002
   1.2995935102510365E-002
  -1.4929812458143904E-002
  -1.2721438933808860E-002
   1.5668254793951435E-002
   6.1558860238381773E-003
   5.9520857392336163E-003
   3.1541336053207115E-002
  -7.2145448918026584E-003
   2.4043156318605995E-002
   2.3953992900882497E-002
  -1.5767051245134067E-002
   5.2622774505898910E-003
   3.4077481080222083E-003
  -1.1722132728009327E-003
   5.9515654881502397E-003
   2.7032313484239693E-003
  -3.5196688708414698E-003
  -2.0689967387043451E-003
   6.3293720067188943E-003
   2.6243019301412790E-003
   1.9445584938593068E-003
   2.8686176832874938E-003
  -6.8852459551646643E-003
  -7.3982177291922859E-003
   2.7034066031156865E-003
   1.1937243333956980E-002
  -3.0696851918432362E-002
   1.2075100066419963E-002
   1.4684538491868025E-003
   1.7280449315532232E-003
   9.2381506436481006E-003
  -8.2695630041310763E-003
   1.0366940000900091E-002
   2.6599937364374535E-002
   1.1937928756244076E-002
   1.4381852776944103E-002
   1.0151384439298425E-002
   1.8628398781255426E-003
  -1.1948235271522948E-002
  -3.7210961481859233E-003
   7.8278677793042675E-003
  -1.0949865735714080E-002
  -3.1507750997814769E-002
  -1.6729977002320003E-003
   1.4380826203700143E-002
   2.0785022623432186E-003
   3.2583339303076733E-002
   1.0572204168630474E-002
  -2.0468456312804417E-002
  -1.2610433970285944E-002
   2.0151816684185447E-002
   8.7409641286308720E-003
  -2.2244112191550799E-002
  -9.5184954503588545E-003
   2.0787834797752914E-003
  -2.3490597237999459E-002
  -2.3579724339008817E-003
  -2.9202284255119650E-003
   2.4666520287729078E-003
  -3.7615195967765015E-003
  -1.1407435243500500E-002
  -1.9295754473258569E-003
  -7.5781743743813142E-003
   1.8380818746995093E-003
  -2.3489789926497619E-002
  -1.1458693271246094E-003
   5.9586432452474851E-003
  -1.0130625199092370E-002
   1.3402433517946847E-002
   3.0703488952482623E-003
  -1.4380211629301514E-002
  -1.2602023888192525E-002
   1.3298658988244033E-003
  -2.4130963878670848E-003
  -1.1470209818229152E-003
  -7.3556643308603465E-003
  -2.5732670601537309E-002
   3.7267645889090774E-003
  -2.3705153922982881E-002
   5.0554885574095043E-003
  -1.9719370284067344E-003
  -2.1188215261439283E-002
   5.3222026081532299E-003
  -1.2875281935933309E-002
  -7.3557842732545880E-003
   6.1556920278838332E-003
   1.9938451231576698E-002
  -2.1399743001164973E-002
   4.7275214937944118E-003
   1.7715409341677174E-002
   1.2994307003577022E-002
  -1.4929271014173927E-002
  -1.2721217408553599E-002
   1.5667802591916136E-002
   6.1560138506708958E-003
   6.1555641804334092E-003
   1.9938511429960927E-002
  -2.1400507726180698E-002
   4.7276473312331110E-003
   1.7715632725560562E-002
   1.2995935102510365E-002
  -1.4929812458143904E-002
  -1.2721438933808860E-002
   1.5668254793951435E-002
   6.1558860238381773E-003
   5.9520857392336163E-003
   3.1541336053207115E-002
  -7.2145448918026584E-003
   2.4043156318605995E-002
   2.3953992900882497E-002
  -1.5767051245134067E-002
   5.2622774505898910E-003
   3.4077481080222083E-003
  -1.1722132728009327E-003
   5.9515654881502397E-003
   2.7032313484239693E-003
  -3.5196688708414698E-003
  -2.0689967387043451E-003
   6.3293720067188943E-003
   2.6243019301412790E-003
   1.9445584938593068E-003
   2.8686176832874938E-003
  -6.8852459551646643E-003
  -7.3982177291922859E-003
   2.7034066031156865E-003
   1.1937243333956980E-002
  -3.0696851918432362E-002
   1.2075100066419963E-002
   1.4684538491868025E-003
   1.7280449315532232E-003
   9.2381506436481006E-003
  -8.2695630041310763E-003
   1.0366940000900091E-002
   2.6599937364374535E-002
   1.1937928756244076E-002
   1.4381852776944103E-002
   1.0151384439298425E-002
   1.8628398781255426E-003
  -1.1948235271522948E-002
  -3.7210961481859233E-003
   7.8278677793042675E-003
  -1.0949865735714080E-002
  -3.1507750997814769E-002
  -1.6729977002320003E-003
   1.4380826203700143E-002
   2.0785022623432186E-003
   3.2583339303076733E-002
   1.0572204168630474E-002
  -2.0468456312804417E-002
  -1.2610433970285944E-002
   2.0151816684185447E-002
   8.7409641286308720E-003
  -2.2244112191550799E-002
  -9.5184954503588545E-003
   2.0787834797752914E-003
  -2.3490597237999459E-002
  -2.3579724339008817E-003
  -2.9202284255119650E-003
   2.4666520287729078E-003
  -3.7615195967765015E-003
  -1.1407435243500500E-002
  -1.9295754473258569E-003
  -7.5781743743813142E-003
   1.8380818746995093E-003
  -2.3489789926497619E-002
  -1.1458693271246094E-003
   5.9586432452474851E-003
  -1.0130625199092370E-002
   1.3402433517946847E-002
   3.0703488952482623E-003
  -1.4380211629301514E-002
  -1.2602023888192525E-002
   1.3298658988244033E-003
  -2.4130963878670848E-003
  -1.1470209818229152E-003
  -7.3556643308603465E-003
  -2.5732670601537309E-002
   3.7267645889090774E-003
  -2.3705153922982881E-002
   5.0554885574095043E-003
  -1.9719370284067344E-003
  -2.1188215261439283E-002
   5.3222026081532299E-003
  -1.2875281935933309E-002
  -7.3557842732545880E-003
   6.1556920278838332E-003
   1.9938451231576698E-002
  -2.1399743001164973E-002
   4.7275214937944118E-003
   1.7715409341677174E-002
   1.2994307003577022E-002
  -1.4929271014173927E-002
  -1.2721217408553599E-002
   1.5667802591916136E-002
   6.1560138506708958E-003
   6.1555641804334092E-003
   1.9938511429960927E-002
  -2.1400507726180698E-002
   4.7276473312331110E-003
   1.7715632725560562E-002
   1.2995935102510365E-002
  -1.4929812458143904E-002
  -1.2721438933808860E-002
   1.5668254793951435E-002
   6.1558860238381773E-003
   5.9520857392336163E-003
   3.1541336053207115E-002
  -7.2145448918026584E-003
   2.4043156318605995E-002
   2.3953992900882497E-002
  -1.5767051245134067E-002
   5.2622774505898910E-003
   3.4077481080222083E-003
  -1.1722132728009327E-003
   5.9515654881502397E-003
   2.7032313484239693E-003
  -3.5196688708414698E-003
  -2.0689967387043451E-003
   6.3293720067188943E-003
   2.6243019301412790E-003
   1.9445584938593068E-003
   2.8686176832874938E-003
  -6.8852459551646643E-003
  -7.3982177291922859E-003
   2.7034066031156865E-003
   1.1937243333956980E-002
  -3.0696851918432362E-002
   1.2075100066419963E-002
   1.4684538491868025E-003
   1.7280449315532232E-003
   9.2381506436481006E-003
  -8.2695630041310763E-003
   1.0366940000900091E-002
   2.6599937364374535E-002
   1.1937928756244076E-002
   1.4381852776944103E-002
   1.0151384439298425E-002
   1.8628398781255426E-003
  -1.1948235271522948E-002
  -3.7210961481859233E-003
   7.8278677793042675E-003
  -1.0949865735714080E-002
  -3.1507750997814769E-002
  -1.6729977002320003E-003
   1.4380826203700143E-002
   2.0785022623432186E-003
   3.2583339303076733E-002
   1.0572204168630474E-002
  -2.0468456312804417E-002
  -1.2610433970285944E-002
   2.0151816684185447E-002
   8.7409641286308720E-003
  -2.2244112191550799E-002
  -9.5184954503588545E-003
   2.0787834797752914E-003
  -2.3490597237999459E-002
  -2.3579724339008817E-003
  -2.9202284255119650E-003
   2.4666520287729078E-003
  -3.7615195967765015E-003
  -1.1407435243500500E-002
  -1.9295754473258569E-003
  -7.5781743743813142E-003
   1.8380818746995093E-003
  -2.3489789926497619E-002
  -1.1458693271246094E-003
   5.9586432452474851E-003
  -1.0130625199092370E-002
   1.3402433517946847E-002
   3.0703488952482623E-003
  -1.4380211629301514E-002
  -1.2602023888192525E-002
   1.3298658988244033E-003
  -2.4130963878670848E-003
  -1.1470209818229152E-003
  -7.3556643308603465E-003
  -2.5732670601537309E-002
   3.7267645889090774E-003
  -2.3705153922982881E-002
   5.0554885574095043E-003
  -1.9719370284067344E-003
  -2.1188215261439283E-002
   5.3222026081532299E-003
  -1.2875281935933309E-002
  -7.3557842732545880E-003
   6.1556920278838332E-003
   1.9938451231576698E-002
  -2.1399743001164973E-002
   4.7275214937944118E-003
   1.7715409341677174E-002
   1.2994307003577022E-002
  -1.4929271014173927E-002
  -1.2721217408553599E-002
   1.5667802591916136E-002
   6.1560138506708958E-003
   6.1555641804334092E-003
   1.9938511429960927E-002
  -2.1400507726180698E-002
   4.7276473312331110E-003
   1.7715632725560562E-002
   1.2995935102510365E-002
  -1.4929812458143904E-002
  -1.2721438933808860E-002
   1.5668254793951435E-002
   6.1558860238381773E-003
   5.9520857392336163E-003
   3.1541336053207115E-002
  -7.2145448918026584E-003
   2.4043156318605995E-002
   2.3953992900882497E-002
  -1.5767051245134067E-002
   5.2622774505898910E-003
   3.4077481080222083E-003
  -1.1722132728009327E-003
   5.9515654881502397E-003
   2.7032313484239693E-003
  -3.5196688708414698E-003
  -2.0689967387043451E-003
   6.3293720067188943E-003
   2.6243019301412790E-003
   1.9445584938593068E-003
   2.8686176832874938E-003
  -6.8852459551646643E-003
  -7.3982177291922859E-003
   2.7034066031156865E-003
   1.1937243333956980E-002
  -3.0696851918432362E-002
   1.2075100066419963E-002
   1.4684538491868025E-003
   1.7280449315532232E-003
   9.2381506436481006E-003
  -8.2695630041310763E-003
   1.0366940000900091E-002
   2.6599937364374535E-002
   1.1937928756244076E-002
   1.4381852776944103E-002
   1.0151384439298425E-002
   1.8628398781255426E-003
  -1.1948235271522948E-002
  -3.7210961481859233E-003
   7.8278677793042675E-003
  -1.0949865735714080E-002
  -3.1507750997814769E-002
  -1.6729977002320003E-003
   1.4380826203700143E-002
   2.0785022623432186E-003
   3.2583339303076733E-002
   1.0572204168630474E-002
  -2.0468456312804417E-002
  -1.2610433970285944E-002
   2.0151816684185447E-002
   8.7409641286308720E-003
  -2.2244112191550799E-002
  -9.5184954503588545E-003
   2.0787834797752914E-003
  -2.3490597237999459E-002
  -2.3579724339008817E-003
  -2.9202284255119650E-003
   2.4666520287729078E-003
  -3.7615195967765015E-003
  -1.1407435243500500E-002
  -1.9295754473258569E-003
  -7.5781743743813142E-003
   1.8380818746995093E-003
  -2.3489789926497619E-002
  -1.1458693271246094E-003
   5.9586432452474851E-003
  -1.0130625199092370E-002
   1.3402433517946847E-002
   3.0703488952482623E-003
  -1.4380211629301514E-002
  -1.2602023888192525E-002
   1.3298658988244033E-003
  -2.4130963878670848E-003
  -1.1470209818229152E-003
  -7.3556643308603465E-003
  -2.5732670601537309E-002
   3.7267645889090774E-003
  -2.3705153922982881E-002
   5.0554885574095043E-003
  -1.9719370284067344E-003
  -2.1188215261439283E-002
   5.3222026081532299E-003
  -1.2875281935933309E-002
  -7.3557842732545880E-003
   6.1556920278838332E-003
   1.9938451231576698E-002
  -2.1399743001164973E-002
   4.7275214937944118E-003
   1.7715409341677174E-002
   1.2994307003577022E-002
  -1.4929271014173927E-002
  -1.2721217408553599E-002
   1.5667802591916136E-002
   6.1560138506708958E-003
