   1.9474196648916235E-003
  -1.5875241553261904E-003
   4.4140979175110763E-004
   1.9474558042461075E-003
  -1.0538459922989048E-002
  -1.0538413623043384E-002
   1.9474224563614919E-003
   4.4143411415287659E-004
  -1.5875370419242629E-003
   1.9474196682081495E-003
  -1.5875241553261941E-003
   1.2941396192538896E-003
  -3.5983446165352889E-004
  -1.5875536157304822E-003
   8.5908856661811722E-003
   8.5908479224738044E-003
  -1.5875264305513410E-003
  -3.5985428907495684E-004
   1.2941501239900743E-003
  -1.5875241574981218E-003
   4.4140979175110763E-004
  -3.5983446165352694E-004
   1.0005167746352286E-004
   4.4141798310870847E-004
  -2.3886887258501048E-003
  -2.3886782311009348E-003
   4.4141042419462272E-004
   1.0005719043889184E-004
  -3.5983738231849420E-004
   4.4140979209003595E-004
   1.9474558042461196E-003
  -1.5875536157304881E-003
   4.4141798310871216E-004
   1.9474919436764926E-003
  -1.0538655486493633E-002
  -1.0538609184679469E-002
   1.9474585944823707E-003
   4.4144230579663498E-004
  -1.5875665013706307E-003
   1.9474558056826929E-003
  -1.0538459922989065E-002
   8.5908856661812329E-003
  -2.3886887258501299E-003
  -1.0538655486493584E-002
   5.7028867214340549E-002
   5.7028616654447237E-002
  -1.0538475019124454E-002
  -2.3888203452357031E-003
   8.5909553927808139E-003
  -1.0538459926452703E-002
  -1.0538413623043402E-002
   8.5908479224738651E-003
  -2.3886782311009296E-003
  -1.0538609184679438E-002
   5.7028616654447216E-002
   5.7028366093942517E-002
  -1.0538428716931671E-002
  -2.3888098496284700E-003
   8.5909176467370996E-003
  -1.0538413623317082E-002
   1.9474224563614953E-003
  -1.5875264305513399E-003
   4.4141042419462186E-004
   1.9474585944823819E-003
  -1.0538475019124503E-002
  -1.0538428716931709E-002
   1.9474252450581433E-003
   4.4143474627444083E-004
  -1.5875393145828084E-003
   1.9474224556156885E-003
   4.4143411415287854E-004
  -3.5985428907494866E-004
   1.0005719043889010E-004
   4.4144230579662723E-004
  -2.3888203452357001E-003
  -2.3888098496284713E-003
   4.4143474627444257E-004
   1.0006270367120993E-004
  -3.5985720956813178E-004
   4.4143411397028545E-004
  -1.5875370419242653E-003
   1.2941501239900775E-003
  -3.5983738231849810E-004
  -1.5875665013706471E-003
   8.5909553927807827E-003
   8.5909176467371135E-003
  -1.5875393145828008E-003
  -3.5985720956812852E-004
   1.2941606264025224E-003
  -1.5875370403151058E-003
   1.9474196682081495E-003
  -1.5875241574981182E-003
   4.4140979209003742E-004
   1.9474558056826765E-003
  -1.0538459926452701E-002
  -1.0538413623317113E-002
   1.9474224556156746E-003
   4.4143411397028220E-004
  -1.5875370403151071E-003
   1.9474196655822574E-003
   1.5476938830716906E-002
  -1.4407523107311095E-003
  -3.8885963198889103E-003
  -9.6811003709444867E-003
  -1.4649952611983172E-002
  -1.8589877360989208E-002
   3.3647641724759889E-003
  -1.7201192482533122E-003
  -3.2797351652816579E-003
   1.5476851747116386E-002
  -3.1391587443477106E-003
  -1.6087029036884913E-003
  -7.8381532641738656E-003
  -4.8535230421043107E-003
   7.4724299512008490E-003
   1.0314120490238032E-002
  -1.0099024325267889E-002
  -8.3836210760522001E-003
   7.9324316728846406E-003
  -3.1390964894335771E-003
   2.0261197618443483E-003
  -5.5302965978350814E-003
  -1.0715663312304398E-002
  -4.2038678179758226E-004
   4.8394168599329617E-003
  -5.0059034639245142E-003
   5.8622001138217425E-003
   1.1117136062479825E-002
   9.7982648046908531E-003
   2.0262678400222388E-003
   1.6772842994948241E-003
  -5.1829968590589902E-003
   6.5170383951797901E-003
   1.2089276455536330E-002
  -1.6974040095538500E-002
  -6.0542090435850588E-003
   6.1628218364654774E-004
   4.8533443033151116E-003
   3.2175905632135517E-005
   1.6774869884031256E-003
  -1.9132483357545159E-002
   2.2744856005475229E-003
  -6.3790935088406057E-003
  -1.1885790327506654E-002
   7.1872280941789005E-002
   6.1051292034023319E-002
  -4.8174163527086623E-003
   4.5792015849487194E-003
   6.9522229881992820E-003
  -1.9132389450165984E-002
  -1.3956626638069234E-002
   4.1158118901107508E-004
   5.8568389959390453E-003
  -5.1233749753297423E-003
   4.2179481524662422E-002
   4.3492890771068188E-002
  -1.2239699587855198E-002
  -6.3592451150179061E-003
   1.2238245619873463E-003
  -1.3956849920453124E-002
  -1.3196633529164092E-002
   8.3301369843128328E-003
   4.0433274833674157E-003
   9.0884713653970072E-004
  -3.6894430738659725E-003
  -4.7288911673973727E-003
   5.8852299358290380E-003
  -3.8072305890352542E-003
  -8.3329683296439316E-003
  -1.3196983794825095E-002
   1.4829241152708336E-002
   6.8167873320900451E-003
   4.6666957643005389E-003
   3.3887327087309240E-003
  -1.0241109985108318E-002
  -3.2513081086934089E-003
   9.2806656747788745E-004
  -3.2203982714120076E-003
  -3.8863289038205831E-003
   1.4829156880386975E-002
  -1.7312116555829795E-003
   9.9081730142323108E-003
   3.8486393341339033E-003
  -1.5635287008874809E-003
   1.1954843211670420E-002
   1.5535398200986596E-002
  -6.6410963251743163E-003
  -9.4818352805832299E-004
   3.5382172056818146E-003
  -1.7309736651093426E-003
   1.5476718844741737E-002
  -1.4410053585059059E-003
  -3.8883329736791711E-003
  -9.6806572275360946E-003
  -1.4649777404210317E-002
  -1.8590032173302046E-002
   3.3652525112335000E-003
  -1.7202796767207152E-003
  -3.2792086556629424E-003
   1.5476631708600396E-002
   1.5975044253846233E-002
  -2.6763456119197233E-003
  -4.9999452184869017E-003
  -9.6214745728466153E-003
  -1.3845710787006605E-002
  -1.6452666410544485E-002
   2.7707673765457390E-003
  -5.7337796926797331E-004
  -3.0981193903429779E-003
   1.5974971770448525E-002
  -1.8681700411949983E-003
  -8.7795294551944831E-004
  -8.1934320867349340E-003
  -5.8704896152015169E-003
   6.1929550893454009E-003
   8.5361914398760976E-003
  -9.5422954484895069E-003
  -9.9205729498412099E-003
   7.5981823692459352E-003
  -1.8680627000871287E-003
   1.8385023039985121E-004
  -5.6620533135791152E-003
  -9.9783696843988318E-003
  -1.4401397333978889E-003
   7.3707594995482614E-003
  -1.3278650103820953E-003
   6.8375153452231129E-003
   1.1189196393395011E-002
   8.0801315336259324E-003
   1.8400541189225018E-004
   2.7066371495188478E-003
  -5.3150098162741896E-003
   4.9551759175712551E-003
   1.3461328506163928E-002
  -1.9204758573825923E-002
  -9.4980679303301330E-003
  -2.1067046547230178E-004
   4.1188517657968614E-003
   1.8986320888419526E-003
   2.7067574567104982E-003
  -1.8156566962990804E-002
   2.0471975351709464E-003
  -6.4307004461082945E-003
  -1.1420035882578814E-002
   7.4947237198021516E-002
   6.3362378545648149E-002
  -6.2767248558858613E-003
   3.5070335702787974E-003
   6.3216017842982709E-003
  -1.8156449984375694E-002
  -1.3349098957964954E-002
  -4.6651549245770089E-004
   7.1049162768769885E-003
  -3.2905098990873151E-003
   3.1489854809651670E-002
   3.4198086741246358E-002
  -1.0026188498625259E-002
  -4.3872301981763059E-003
  -7.6249285874983858E-006
  -1.3349328875342114E-002
  -1.3490815413680159E-002
   7.7515627579369849E-003
   4.5037818284880361E-003
   6.3021487112068918E-004
   2.2332632025646323E-003
  -2.4221398614064746E-003
   3.7790807901891786E-003
  -4.4851597397318815E-003
  -6.8841435460808521E-003
  -1.3491266585876386E-002
   1.5231121434255456E-002
   6.6627064243881965E-003
   3.5681903721452549E-003
   3.4649802154103635E-003
  -1.3733863208230430E-002
  -5.1947557486656951E-003
   1.5025406337593878E-003
  -2.9597001502793606E-003
  -3.7020007726172566E-003
   1.5231074084878862E-002
  -3.2537349885475163E-003
   1.1599459899220817E-002
   5.8298566340549470E-003
  -1.9117629551758310E-003
   1.1151916877719941E-002
   1.5400190720909734E-002
  -4.8317754687077549E-003
  -1.2970596858806734E-004
   2.8559969464289560E-003
  -3.2534338562728903E-003
   1.5974807509690075E-002
  -2.6766303146765107E-003
  -4.9995167154714120E-003
  -9.6210338987285579E-003
  -1.3845615377267435E-002
  -1.6452941855006949E-002
   2.7713187364660444E-003
  -5.7349645253316236E-004
  -3.0976940181848579E-003
   1.5974734971336661E-002
   1.6678049480815318E-002
  -2.1959605829716595E-003
  -5.4731433696015479E-003
  -9.6071997571890739E-003
  -1.0716692357109082E-002
  -1.4305181224782505E-002
   6.0819048013335411E-003
  -1.1258168061011187E-004
  -1.0186808565932163E-002
   1.6677979960711537E-002
  -7.1385406488670457E-003
   4.5087508097423632E-003
  -7.5882740488257506E-003
  -5.5539885581622544E-003
   1.0312821441353646E-002
  -5.3554046465431526E-003
  -4.0330559049013021E-003
  -1.5316466050800127E-002
   1.2166268143530135E-002
  -7.1384956456124627E-003
   4.1355441233738001E-004
  -2.0173459976644513E-003
  -1.3279936911137647E-002
  -4.7453216515661919E-003
   1.2058786912365950E-002
   1.7326610001453860E-003
   3.1628850988143099E-003
   1.2143022258272308E-002
   8.7794882956654559E-003
   4.1385734950114092E-004
  -1.8703229477714030E-003
  -2.4746184453042623E-003
   5.9316132606206974E-003
   3.8840859570142021E-003
  -1.5276721021543069E-002
  -1.6469006866229447E-002
   7.9274461020450802E-003
  -5.8912295546701484E-004
   8.4363398224901187E-003
  -1.8702734753550194E-003
  -2.6018700907749145E-002
   1.4903238856936588E-003
  -6.3620273758172030E-003
  -7.0953347013728912E-003
   7.4574440077356807E-002
   6.3983543283178831E-002
  -7.1566659960696673E-003
   2.5344308162197882E-003
   1.0432851237511953E-002
  -2.6018192463519246E-002
  -1.2084354866882424E-002
  -4.5676617425528020E-003
   1.2980796607800479E-002
  -5.4579459296651396E-003
   2.7338309316119299E-002
   2.0624643636616417E-002
  -5.5875554529634074E-003
  -1.2456905116940203E-002
   3.6001941749006037E-003
  -1.2084387732845125E-002
  -1.7337090928642870E-002
   1.4414193648578155E-002
   4.4159366274560703E-003
   1.7012189871495813E-003
   2.2514120003528600E-003
  -6.6801743328249552E-004
   6.6964282404911183E-003
  -1.3600408735049285E-002
   1.6240248880897008E-005
  -1.7337349522079108E-002
   1.7201131514852530E-002
   7.0759565455857324E-004
   5.4518515456133182E-003
   2.7988802473633383E-003
  -1.7255216750778547E-002
  -1.3667815254880410E-002
   7.4468166956046548E-003
  -2.4722471097761789E-003
   2.3481861072225669E-005
   1.7201406593225631E-002
  -7.5470249581584435E-003
   1.5273627261844986E-002
  -1.2932939915627647E-003
   8.9285445108639355E-005
   1.3800293440818946E-002
   1.2101339740318354E-002
   4.6622103178353387E-003
  -7.4000517267862557E-003
   8.9250208102745216E-003
  -7.5464784266768628E-003
   1.6677952835333056E-002
  -2.1966549985155386E-003
  -5.4721845898587510E-003
  -9.6074430363524664E-003
  -1.0716061157288514E-002
  -1.4305852968531518E-002
   6.0827268879598655E-003
  -1.1253217500575789E-004
  -1.0186612750857546E-002
   1.6677883255931794E-002
   2.4334488831175307E-002
  -3.4519560611054297E-003
  -7.4186198783587605E-004
  -1.4183328947401434E-002
  -1.0559265481645793E-002
  -1.4848501736280483E-002
   2.4812143234144123E-003
   2.7164281450953267E-003
  -1.2193127142038159E-002
   2.4334628900449636E-002
  -2.8047150810264587E-003
  -4.7305516553684266E-003
  -4.4470364523021763E-003
  -1.4303491414085941E-002
   1.2324097448378995E-002
  -9.1649987418556990E-003
   1.3925718983897437E-003
  -1.0487576982976643E-002
   1.0035815964065697E-002
  -2.8047093853569623E-003
  -2.3881040967305540E-003
  -4.1553987761214122E-003
  -8.9024106922686985E-003
  -4.0510192157480343E-003
   2.1121950566521289E-002
   5.2040312737751211E-003
   3.5521177039382836E-003
   7.1662922356867543E-003
   3.1971309729293589E-003
  -2.3873937970713115E-003
   2.9025782602145238E-003
   1.8864181329733450E-003
   7.0848185203974279E-003
   2.0781471972130773E-003
  -1.8673717609232185E-002
  -2.2683994911009156E-002
   5.5665225739672869E-003
  -2.8503786262796811E-003
   1.2216342212246711E-002
   2.9028586780857819E-003
  -2.8970282426505747E-002
   4.8443774647362705E-004
  -1.2398833407197605E-002
  -5.8447320834203557E-003
   6.9262652672166927E-002
   6.1058912468841993E-002
  -2.2072122630911527E-003
   4.0145847905592282E-003
   1.4518558598252485E-002
  -2.8969875042833056E-002
  -1.6364582620396782E-002
  -3.3679430346720443E-003
   1.0925528761679357E-002
   4.0025232149256086E-003
   1.6233762587104354E-002
   1.3111111338940645E-002
  -4.4497933177568430E-003
  -1.5201770909684192E-002
   8.3518969626042276E-004
  -1.6364551797664502E-002
  -1.5877680280635745E-002
   2.0813336984254305E-002
   4.3794654299506687E-003
   2.7061278189363111E-003
   2.6716734132716997E-003
  -4.6370792965677940E-004
   1.6763638516258926E-003
  -1.5906785516702937E-002
   3.8948227455761590E-003
  -1.5878114289581666E-002
   1.6582622224666516E-002
  -3.1326245047119702E-003
   1.2818357394469349E-003
   1.6963900016177303E-003
  -2.2111805021932777E-002
  -1.2611272435557156E-002
   9.7348282969088717E-003
   3.7990256600729235E-003
   1.1489317398293113E-003
   1.6582485157675530E-002
  -7.2232258274899930E-003
   1.2250270655103247E-002
   5.0083679238817885E-003
   4.7413093377700471E-005
   1.8487887980734665E-002
   1.1796107349204863E-002
   4.8417528480888651E-003
  -8.4979677992890416E-003
   2.8609429660179831E-003
  -7.2226334204272347E-003
   2.4334618497784868E-002
  -3.4526742502592992E-003
  -7.4110240118742475E-004
  -1.4183664911359025E-002
  -1.0559039464023963E-002
  -1.4848948219037325E-002
   2.4819309579482301E-003
   2.7168541673311701E-003
  -1.2192994632432546E-002
   2.4334758479722433E-002
   1.9366765939203293E-002
   2.0916245520101757E-003
  -2.1092596280211343E-003
  -3.4890994414997043E-003
  -1.0024838206325921E-002
  -1.2178836224762088E-002
  -3.9322741036205864E-003
  -1.2574465104132299E-003
  -1.0933752501213086E-002
   1.9367125070438643E-002
  -4.6153304290676399E-003
  -4.8670147546350032E-003
  -8.0099153750852106E-003
  -1.5184946974306114E-002
   8.3749839033944156E-003
  -1.1975084923579439E-002
   5.1288986117757418E-003
  -8.7892925879750894E-003
   1.3611896701050957E-002
  -4.6150310821252991E-003
   1.4256247595622489E-003
   5.8355457523913239E-003
  -9.5871047845886397E-003
  -9.9374560755494789E-003
   1.6197050489554873E-002
   4.8387019708061229E-003
   4.1157232209590860E-003
   3.5931746326180168E-003
   6.0735022469442903E-003
   1.4260519694088555E-003
   5.7085864652268049E-003
   1.3621278709123421E-003
   9.9908664491367930E-003
   7.5000500986116807E-003
  -1.7348244778493192E-002
  -3.2019369846881432E-002
  -2.6108957632291698E-003
  -3.8820076635072251E-003
   1.8414556273682263E-002
   5.7088665361211309E-003
  -2.2922164263353043E-002
   7.8606632714653471E-003
  -1.0719624221448287E-002
  -1.1357065787271888E-002
   5.6984830313021602E-002
   5.6803755524777878E-002
   2.0660552598325325E-003
   9.1030126402539624E-004
   9.0665113296571377E-003
  -2.2921491027763363E-002
  -1.1213979343588865E-002
  -8.6953087847192294E-003
   1.1827780243031405E-002
   1.4781193966435749E-002
   1.8463045515393960E-003
  -6.9048939904621798E-003
  -1.3708312820100235E-002
  -8.7371058566611173E-003
   6.9994037605396273E-003
  -1.1213559963507716E-002
  -1.4216869565857824E-002
   3.0698821136332606E-002
   5.7008945015375422E-003
  -1.2616031699084571E-003
   2.6277928618632690E-003
   9.9145250165792592E-003
   1.6333907543556636E-003
  -2.1641814420476333E-002
  -4.1558197337738349E-003
  -1.4217157184789619E-002
   1.5577559933109183E-002
  -6.0667452281599407E-003
  -6.2948317065503658E-003
   9.1558166368354288E-003
  -3.0890409139491554E-002
  -1.7940718848989540E-002
   3.5229590005025507E-003
   1.3697601813768645E-002
   1.2672161381617935E-002
   1.5577935440449941E-002
  -8.5888222758569957E-004
   2.8431438787673926E-002
   6.2848679186411046E-003
  -2.9098787101653613E-003
   5.6069172868701616E-003
   8.3907356570771582E-003
   2.1608109438140586E-003
  -1.1830406910184461E-002
   4.3229058807052537E-003
  -8.5781795399809426E-004
   1.9367110280021402E-002
   2.0903769900503964E-003
  -2.1088374586729821E-003
  -3.4889472597501355E-003
  -1.0025058513905680E-002
  -1.2179147725380628E-002
  -3.9322415911793532E-003
  -1.2560831799653942E-003
  -1.0933441605599083E-002
   1.9367469344219242E-002
   1.4698633063889573E-002
   7.7138957530064178E-003
  -2.0729768962683436E-003
  -4.4283620582479550E-003
  -1.1127936925359843E-004
  -1.3511302386900792E-002
  -1.0137062876251827E-002
  -3.3903161795152156E-003
  -1.4307530037931802E-002
   1.4699349071449656E-002
  -4.1035882106004928E-003
  -5.6820020214428321E-003
  -1.1831943915997655E-002
  -1.9170388000217357E-002
   8.2383168554061286E-003
  -1.7670614579349070E-002
   7.6664489706086284E-003
  -3.2899603010462229E-003
   1.2702636535024169E-002
  -4.1031653808476691E-003
  -2.4637462804831763E-003
   6.2183617068841254E-003
  -1.4326294198523392E-002
  -8.8499243001780876E-003
   1.5781447582092434E-002
   4.9080589711899452E-003
   2.2590963082213763E-003
   4.4387518063692078E-003
   2.0517836234538764E-003
  -2.4632488618363032E-003
   8.1567763669514581E-003
   4.3720383166832352E-003
   1.0814611510187717E-002
   1.0952386256981573E-002
  -2.1237346609588009E-002
  -3.0849179258032669E-002
  -7.1178327027685180E-003
  -7.2481468543407809E-003
   1.3213521300413518E-002
   8.1570994352096454E-003
  -1.9894173528630935E-002
   1.6055667239017692E-003
  -1.5027601899373005E-002
  -1.2314161026196082E-002
   4.3007023186527764E-002
   5.4154623288521109E-002
   4.5282995064941135E-003
   5.4964790371039027E-003
   1.0722014432150680E-002
  -1.9893798513161611E-002
  -7.9527820671896586E-003
  -9.6395637737646395E-003
   1.9631720415212654E-002
   2.1251356545460186E-002
  -9.9177545197796854E-003
  -1.5689865315592157E-002
  -2.1029747685425079E-002
  -1.1897656695837925E-002
   3.4970536389207635E-003
  -7.9525542572588797E-003
  -1.4499868000721833E-002
   2.4289171116142198E-002
   6.9160911450851731E-003
  -1.2218385444081581E-002
   8.3994681440839707E-003
   1.7503881633469880E-002
   3.8674063657359479E-003
  -1.1905130837037422E-002
   6.2153958105575710E-003
  -1.4500564486413700E-002
   1.0342925760939089E-002
   3.0447279773788467E-004
   6.8586097347870592E-003
   1.0061330183612913E-002
  -2.6074523415824547E-002
  -2.2737907968255724E-002
  -4.6590654611331009E-003
   1.0819780717714946E-002
   1.0296842492289423E-002
   1.0343344028768013E-002
  -1.5756557068786604E-003
   2.8590624944002926E-002
   5.9145297321238043E-003
  -1.7261372945149303E-002
   1.0130950404624308E-002
   8.5520145480490525E-003
   9.8638274526270508E-003
  -2.8443367292672519E-003
   9.3626320304142259E-003
  -1.5745358577181202E-003
   1.4699170942813764E-002
   7.7124475811557640E-003
  -2.0727623212549711E-003
  -4.4280349362597633E-003
  -1.1186199035050551E-004
  -1.3511272310396208E-002
  -1.0136919879678786E-002
  -3.3887424120577661E-003
  -1.4307223892258024E-002
   1.4699886901613779E-002
   1.5147085658821701E-002
   6.9532146654795075E-003
  -6.3266778726587256E-004
  -2.2349030226584754E-004
   6.9890313451777654E-003
  -1.0751366162691374E-002
  -1.7754241080550254E-002
  -7.9159570358447885E-003
  -1.3732555169901848E-002
   1.5147979016979580E-002
   4.4438250539807905E-003
  -1.6365220913228545E-002
   3.7359001091629590E-004
  -2.5030183099834954E-002
   1.5812526491143983E-002
  -2.6678412742075566E-002
   4.3791183614467245E-003
  -1.4697795389872275E-003
   8.0574577464050112E-003
   4.4439532904647075E-003
  -8.5771623775347458E-003
   6.4866500436544100E-003
  -5.8322067860235643E-003
  -7.1436640462439237E-003
   2.6852429431593973E-002
  -7.0788395631693783E-003
   4.4002163937505966E-003
  -5.9975024656207790E-003
   5.9939693652934492E-003
  -8.5769076024182628E-003
   7.6903997242166186E-003
   2.7175138444591705E-003
   2.1524525397701270E-002
   9.2295306644362262E-003
  -1.4328975571709181E-002
  -3.8399272592247402E-002
  -5.4240224998631991E-003
  -9.2246036520201927E-003
   1.1608370656001357E-002
   7.6908146419002368E-003
  -2.5150842828414753E-002
   5.7275253785518320E-003
  -4.7615061753709300E-003
  -1.0063341176390737E-002
   3.7243112236097969E-002
   2.8405074633528468E-002
   1.5977227426897944E-002
  -6.7234477456219119E-003
   1.2008678348767779E-002
  -2.5150574289329243E-002
  -8.4548571598133723E-003
  -5.2731871650201038E-003
   2.1967164413915975E-002
   2.5333693964299804E-002
  -2.5011161113842179E-002
  -2.4998184944761255E-002
  -1.6246933343556116E-002
  -1.4406959544655795E-002
  -1.4769992802916958E-003
  -8.4540344434120857E-003
  -1.1890876863805255E-002
   2.8075595206349009E-002
   1.4125576170780007E-002
  -1.6870719697191720E-002
   1.6299945375052270E-002
   1.4952270227436266E-002
   5.3588363690526396E-003
  -2.3215438939585539E-002
   4.6157281362312680E-003
  -1.1891572897295092E-002
   1.1016493141056214E-002
   5.6820131911114301E-003
   6.9237890720215238E-003
   1.5792543665816484E-002
  -2.9193183994233096E-002
  -1.7432988024877989E-002
  -1.1411202589990390E-002
   6.1361537740590652E-003
   6.9155363517280338E-003
   1.1017438913054943E-002
   9.4354146044144018E-003
   2.2889424813603027E-002
   1.4880892292469293E-002
  -2.3688935129029316E-002
   1.5909149372272419E-002
   5.9686173341649247E-003
   5.4779469035126727E-003
  -5.7558233689155962E-003
   3.2294335032061593E-003
   9.4363756804152054E-003
   1.5147802676217723E-002
   6.9519840807131849E-003
  -6.3240800531291688E-004
  -2.2294479675336176E-004
   6.9880682991074533E-003
  -1.0751397384349824E-002
  -1.7754450569101351E-002
  -7.9141497450231427E-003
  -1.3732276851735432E-002
   1.5148695994064740E-002
   6.0632427137233789E-003
   3.2392043873094752E-003
   1.1657580357121271E-003
   2.7339447508157953E-003
   1.3973348703161673E-002
  -8.3838192102405427E-003
  -1.8362228348782927E-002
  -1.3712894936990003E-002
  -1.6957878576646199E-002
   6.0645525947792406E-003
  -2.7494237721942313E-003
  -1.4321199996880907E-002
   4.5325697885960810E-003
  -1.7281113838762401E-002
   5.7977489476800119E-003
  -2.9292594166049173E-002
   1.2177741974134157E-003
   3.4115114014888000E-003
   3.7686293311175491E-003
  -2.7485415260396998E-003
  -1.6852339415008296E-002
   5.7558898302796880E-003
   4.0464496782933743E-003
   3.5442072404318618E-004
   2.6834910288360596E-002
  -9.6358095961965248E-003
   9.1272604559885888E-003
   8.3033147898353666E-004
   4.6554776988977330E-003
  -1.6851983838691201E-002
  -4.3536686975420037E-004
  -2.2181376030298177E-003
   2.7850566537660798E-002
   1.4604095971330115E-002
  -1.5059008092986242E-002
  -3.6083041311192054E-002
  -7.9935482990988287E-003
  -3.2498993442025450E-003
   1.5367284933061357E-003
  -4.3492801906949724E-004
  -2.8135014005386476E-002
   7.3291946492994838E-003
   2.3298433267808561E-003
  -3.8014373289221898E-003
   2.6310522677498172E-002
   6.1397640282002518E-003
   2.0121938028235146E-002
  -1.4812348251766009E-002
   9.1019708608330151E-003
  -2.8134825467877243E-002
  -1.1274186645047243E-003
  -6.8735028357678300E-003
   1.9413836892825581E-002
   2.6468201846080484E-002
  -3.1181163969537504E-002
  -2.6473681021003514E-002
  -1.0895027464118995E-002
  -1.2508844000343796E-002
  -2.5244845756273418E-003
  -1.1270250346006468E-003
  -9.7771269004811763E-003
   2.8777496742169700E-002
   6.7444785886833503E-003
  -1.6216592353906902E-002
   2.5068774838542984E-002
   2.2840222141501720E-002
  -1.3668472613781650E-003
  -3.7269425957156793E-002
   1.7748484302131345E-003
  -9.7778793599101708E-003
   1.9872846703039012E-002
   3.8500444316360771E-003
   6.9666509960371490E-003
   1.5116022746475565E-002
  -2.3290099949388264E-002
  -1.0745135507084981E-002
  -2.1725739983283726E-002
  -1.6231050638569220E-003
   7.9038985130017506E-004
   1.9874185480132759E-002
   1.4552274329610669E-002
   2.4818334386846767E-002
   1.1171776111815900E-002
  -2.2943005815696461E-002
   1.7709720156024209E-002
   1.2720080497078951E-002
   6.2302216895181008E-003
  -7.1685234933848577E-003
   5.7821744692159484E-003
   1.4553461806333901E-002
   6.0644936039240217E-003
   3.2388306997276281E-003
   1.1657256511514249E-003
   2.7345775110491849E-003
   1.3972290452106378E-002
  -8.3836013211782759E-003
  -1.8363285046053422E-002
  -1.3711997809298623E-002
  -1.6957822350882508E-002
   6.0658034946060304E-003
   3.5380146378341261E-003
   5.8952822953490186E-003
   6.3214435863120722E-003
   9.3879212455282406E-003
   2.2075700330485698E-003
  -1.9667445441896676E-003
  -8.3368873320243397E-003
  -2.0076001458897385E-002
  -2.3484165064597055E-002
   3.5394739113174998E-003
  -3.2537412168869588E-005
  -1.6201791361283562E-002
   5.9292245069177433E-003
  -1.7934308897154767E-002
  -5.0377435646361789E-003
  -3.6314185886085704E-002
   1.2868976000240376E-003
   1.4609306139504542E-002
   6.9085891869153180E-003
  -3.1974491231144923E-005
  -2.2283640958959423E-002
   6.6726911773020477E-003
   1.1587899733954796E-003
  -4.1487124754391192E-003
   3.7256675949602656E-002
   1.9571281753480402E-003
  -2.2399613201760163E-003
  -4.8018746865836374E-003
   8.7721104234163832E-003
  -2.2283083919003382E-002
   8.1518152705633111E-003
   6.9916578794080317E-003
   2.7952513842635120E-002
   7.8509916934037249E-003
  -1.4780396183313744E-002
  -3.1739070207778858E-002
  -7.4748608177373447E-003
  -8.8779140312293670E-003
  -2.3883219943776884E-003
   8.1527120020055740E-003
  -2.3785853803136223E-002
   7.1915941699234511E-003
  -2.5090137358007745E-003
   5.3255859303943387E-003
   1.1454064046489071E-002
  -1.7330740465716362E-002
   2.7728442287727129E-002
  -9.0719228077673197E-003
   1.5974638226213555E-003
  -2.3785792913485117E-002
   3.4424334061422773E-003
  -1.1030982188624356E-002
   2.1702672406706196E-002
   2.7728066805346122E-002
  -4.2005485389879034E-002
  -3.4180692973453643E-002
  -1.4320132456719804E-002
  -1.3514391309603985E-002
   4.0350680603506309E-003
   3.4425325004267264E-003
  -7.1307919443768910E-003
   1.9146125270366719E-002
   1.0172156556942202E-002
  -1.6362017612362376E-002
   1.8931734718348001E-002
   2.5429284951040656E-002
  -1.8734295085402770E-003
  -3.6479981775288141E-002
   8.1635757671385915E-003
  -7.1308345094841597E-003
   1.4646883110371895E-002
   5.5377217532592638E-003
   6.6524945066497700E-003
   2.2444358671568305E-002
  -1.5318299234965865E-002
  -1.8099320726138027E-002
  -2.8777868819009622E-002
   3.1553473304145128E-003
   7.9469857171904140E-004
   1.4647677057631774E-002
   2.0312974594377763E-002
   2.8983324951967263E-002
   6.9304121974259553E-003
  -3.1305595482491969E-002
   1.4675601830824931E-002
   1.3785337195191498E-002
   2.8047493383775738E-003
  -3.6894196227345764E-003
   6.2683519530702539E-003
   2.0314050795301093E-002
   3.5393219841963839E-003
   5.8947400412375306E-003
   6.3212457380626185E-003
   9.3888374868445219E-003
   2.2063115965551220E-003
  -1.9664618082766423E-003
  -8.3379687542813052E-003
  -2.0074828909512326E-002
  -2.3484094226422648E-002
   3.5407812804752830E-003
