  -1.3330639043549211E-002
  -1.1303495076740201E-002
   2.3537179471996112E-003
   7.9686110458425576E-003
   4.9028304092935127E-003
   9.8619616877155206E-003
  -5.6827622725516350E-003
  -1.4643677874174020E-002
   3.2302360142082487E-002
  -1.3329843614900220E-002
  -2.1147897981059271E-002
  -5.7862868151937813E-003
   2.8317218921566103E-002
  -1.2644504862854351E-002
   4.7248189337990949E-003
  -6.1245425795521384E-004
   1.0988774898680279E-002
  -4.4070775112000091E-003
  -2.8967435342593701E-003
  -2.1149406217206287E-002
  -6.2194008845998447E-003
  -3.1699495310728841E-003
  -2.1112086202352900E-002
   1.3645126432428429E-002
  -1.2703562440581476E-002
   2.0808732132740020E-002
  -9.3684959500036202E-003
   6.1383249042703683E-003
  -2.8805702309266219E-002
  -6.2199109130492633E-003
  -1.9958937883321373E-003
   1.0377024166678551E-002
  -1.5301165231204039E-002
  -1.7589440876478842E-002
  -8.0013737768909691E-003
   3.6764842961323355E-003
  -1.4466233420001865E-002
   1.1100787240440790E-002
   2.4366938288572587E-002
  -1.9949658185295298E-003
   1.7427531890335354E-002
   2.4597574679213400E-003
  -2.8125300008418581E-002
   1.9126205273970756E-002
   1.2709839914328253E-002
   2.1821920129233674E-002
  -5.2249452471498828E-002
   1.9921535773473272E-002
  -7.3007350510093270E-003
   1.7427806707350429E-002
   2.0851492406942134E-003
  -2.9108676344221820E-003
   1.1676472670651151E-002
  -1.9253785923414948E-002
   6.7503245262783094E-003
  -3.7070988159023073E-003
  -1.6455226514413487E-002
  -8.1108722849829052E-003
  -2.1432368518935804E-002
   2.0852783042001593E-003
  -2.3929723788945048E-002
  -4.1903704889460092E-003
   3.0469017577568164E-002
  -2.8423707933497187E-003
  -7.4141762456713823E-003
  -4.0492865293588710E-003
  -1.6274672623844303E-002
  -4.1415373932852306E-003
  -7.0303885744387189E-004
  -2.3929314657817963E-002
  -3.4061464259098381E-002
  -2.1826409615104615E-002
   6.6671968000803130E-003
   6.8327092231015504E-003
   1.1555773862862500E-002
   4.5486255768746788E-003
  -3.1826721597389372E-004
   8.7644585168694276E-004
   8.2243891183196478E-003
  -3.4062830072716890E-002
  -2.4771309377345910E-002
  -3.7946355885838906E-003
   2.1402174379928701E-003
   1.8164110390438540E-002
   9.7746028908968115E-003
   1.0509047495895268E-002
  -7.3854530096337948E-003
  -7.8319887121293865E-003
   2.6825091236445157E-002
  -2.4771716858687020E-002
  -1.3329871949995069E-002
  -1.1302831527363449E-002
   2.3533339644989685E-003
   7.9690179121425699E-003
   4.9026367000150678E-003
   9.8613497284990078E-003
  -5.6815308394501610E-003
  -1.4643529269255095E-002
   3.2301952426945793E-002
  -1.3329076474584091E-002
  -1.3557616081937266E-002
  -1.0741378148017627E-002
   2.3049082554020715E-003
   2.1417872443091211E-003
   6.4379228108516397E-003
   7.1128516694481305E-003
  -2.7591494380351462E-003
  -1.4332230232624562E-002
   3.2352160940881627E-002
  -1.3556654453817771E-002
  -2.2900294927167185E-002
  -5.2425761146928200E-003
   2.7995620318455882E-002
  -1.0196537069507400E-002
   3.8802595566549678E-003
   1.3026086624181549E-003
   8.5484203992462829E-003
  -6.3018631920373491E-003
  -4.3722934548807808E-003
  -2.2901760350916511E-002
  -4.5241601101730653E-003
  -2.0094047889486618E-003
  -2.0174959148375849E-002
   1.2282417313369678E-002
  -1.0558979337412192E-002
   1.8977789342399045E-002
  -7.9455482376315483E-003
   5.6630756598443164E-003
  -2.6935076417051389E-002
  -4.5246046951054322E-003
  -4.6823719320460968E-004
   7.7396625388612104E-003
  -1.4112501293897933E-002
  -1.8274538030722803E-002
  -1.1503672506409861E-002
   4.2198988830728758E-003
  -1.2826355119400201E-002
   1.0304908369089554E-002
   2.1434585826747937E-002
  -4.6730178564009258E-004
   1.6827944355594239E-002
   5.1204431026817213E-003
  -3.1537274864794407E-002
   1.9937235935339685E-002
   1.4252150424041552E-002
   2.0300368085230155E-002
  -5.2018086402034092E-002
   1.8433508511470423E-002
  -8.8993061015877496E-003
   1.6828266998794614E-002
   6.1211443527710357E-003
  -1.9434585375558348E-003
   1.3884667748008457E-002
  -2.1462535508849249E-002
   1.7133651870775083E-003
  -5.0209662571762126E-003
  -1.6849423015674794E-002
  -1.0418962253412212E-002
  -2.2240948916899515E-002
   6.1211598111292533E-003
  -2.6700021287639659E-002
  -5.3137145698572419E-003
   2.8240669243412706E-002
  -4.2733297636471544E-003
  -1.0345426569121288E-002
  -3.4657904714717009E-003
  -1.7445348703985251E-002
  -4.1316385642699346E-003
  -2.0997817897028419E-004
  -2.6699639404336072E-002
  -3.2448355283570381E-002
  -2.1626707474455466E-002
   6.4094041876851839E-003
   6.5747747336720530E-003
   1.1573404211036314E-002
   5.2197578380323859E-003
   1.6285668587105312E-003
  -7.3697059788464607E-004
   7.0421094704734453E-003
  -3.2449700791305658E-002
  -2.5376743356689255E-002
  -2.3224759123761053E-003
   3.6434201019147870E-003
   2.0719221024102938E-002
   8.4982952875345078E-003
   1.3997588710423873E-002
  -6.9218807464368629E-003
  -7.1846507448618500E-003
   2.4303612003245992E-002
  -2.5377111636756131E-002
  -1.3556663218834371E-002
  -1.0740746320236586E-002
   2.3046044982364760E-003
   2.1420766506565301E-003
   6.4375825383060645E-003
   7.1122882857804796E-003
  -2.7579233778473235E-003
  -1.4332059619096855E-002
   3.2351762948336658E-002
  -1.3555701544693386E-002
  -1.4228061879470257E-002
  -1.0264945687164970E-002
   3.2774656367469939E-003
  -2.3546582591864912E-003
   7.2302952528715070E-003
   4.6459922222710590E-003
  -2.9990270456180627E-003
  -1.5045912679150031E-002
   3.3204466277757805E-002
  -1.4227044701903079E-002
  -2.3854354008334248E-002
  -4.9854311241802991E-003
   2.6126050992427406E-002
  -7.8391727184473608E-003
   4.6710408864369763E-003
   1.0511257035698703E-003
   6.6231187024718844E-003
  -7.0200805163085130E-003
  -4.6336044875574531E-003
  -2.3855714756319327E-002
  -2.8934334479947207E-003
  -3.0189654109493563E-003
  -1.8924009100423814E-002
   1.2576792610582282E-002
  -8.1430268148120905E-003
   1.8616075910072940E-002
  -7.6550664614563457E-003
   4.7299188900161732E-003
  -2.4652511496943256E-002
  -2.8939424708795737E-003
   5.7240091777926159E-004
   6.0588282719712134E-003
  -1.3623609241774344E-002
  -1.8455372496559257E-002
  -1.3172652144859881E-002
   2.3274495736020639E-003
  -1.2280102592472681E-002
   9.1919073048863913E-003
   1.9127701810712106E-002
   5.7341565836272813E-004
   1.7820497542559349E-002
   5.5581618506210283E-003
  -3.4381624680313694E-002
   2.1696130744311030E-002
   1.5675526328828099E-002
   1.8988577346847110E-002
  -5.1613671407298917E-002
   1.7432009654914881E-002
  -9.7250732161541995E-003
   1.7820749489551289E-002
   7.8528264596463473E-003
  -9.8600146014204948E-004
   1.4954256554505415E-002
  -2.3176114258415887E-002
  -1.8195810528785165E-003
  -6.7568904897407009E-003
  -1.8764174972037258E-002
  -1.2735862521316097E-002
  -2.2002242042126408E-002
   7.8527252839465257E-003
  -2.7105618377182943E-002
  -7.7502890448818010E-003
   2.6762818910300294E-002
  -3.7450500359700305E-003
  -1.2075362509083301E-002
  -3.8225587991813897E-003
  -1.8632840364320814E-002
  -4.5445158806619980E-003
   1.6079045576450666E-004
  -2.7105234162289271E-002
  -3.1696288922920049E-002
  -2.1179682014896537E-002
   5.1582453902739352E-003
   6.2553819316971612E-003
   1.0854068785160386E-002
   5.6423356978845480E-003
   1.5864811426752183E-003
  -1.9084414672800821E-003
   7.3710674894614187E-003
  -3.1697708291566998E-002
  -2.4973660956542864E-002
  -2.5450063340568020E-003
   4.6144858093186362E-003
   2.4248712927071588E-002
   9.6394348060840560E-003
   1.6542947845842440E-002
  -5.1956590212452834E-003
  -6.1485584930998779E-003
   2.1364571900264893E-002
  -2.4973943019046610E-002
  -1.4227042709847194E-002
  -1.0264291208881388E-002
   3.2772161741731788E-003
  -2.3545187421513182E-003
   7.2298009172818440E-003
   4.6454346244091688E-003
  -2.9978243340762411E-003
  -1.5045688508119432E-002
   3.3204124576555194E-002
  -1.4226025486285269E-002
  -1.5179764059270432E-002
  -9.7711175813725796E-003
   3.8852451835078637E-003
  -6.4924350171823818E-003
   8.8471164582553819E-003
   1.2343684809531079E-003
  -2.4090674892936733E-003
  -1.5762996878392988E-002
   3.5914469335824484E-002
  -1.5178711860647879E-002
  -2.4737221718050446E-002
  -5.6966057031648046E-003
   2.4190100749230337E-002
  -3.9226027216872298E-003
   5.0630989174665943E-003
   5.0959691395901878E-004
   2.8190653749042708E-003
  -6.5842248386848868E-003
  -5.2722213124820321E-003
  -2.4738604987657901E-002
  -1.7898564582765138E-003
  -4.5070099252625707E-003
  -1.6837141563282993E-002
   1.2438320475342468E-002
  -5.5426713941572076E-003
   1.6364475567038066E-002
  -6.0946081764474440E-003
   4.1592490345812696E-003
  -2.1129249437188580E-002
  -1.7903675945917816E-003
   5.9521354686167111E-004
   4.9932913624816675E-003
  -1.2794487083887526E-002
  -1.7364696750384549E-002
  -1.5898231412854909E-002
   1.1236292622236862E-003
  -1.1512820658485282E-002
   8.7963220945863792E-003
   1.5725276918213800E-002
   5.9624579725848440E-004
   1.8575238085358277E-002
   5.7417024225535247E-003
  -3.5656807489598694E-002
   2.1854144570490210E-002
   1.6952223889915564E-002
   1.6434811939041970E-002
  -4.9810755170812550E-002
   1.6592938464804578E-002
  -1.1385787642188932E-002
   1.8575533940458168E-002
   8.9989444251611025E-003
   1.6110928779901235E-003
   1.5359322683965591E-002
  -2.4283174687951190E-002
  -5.5807459840031019E-003
  -6.7847808463044838E-003
  -1.9676792672735866E-002
  -1.5331483672984144E-002
  -2.2051607759147589E-002
   8.9987617006922604E-003
  -2.5859699016671660E-002
  -1.0548731948864283E-002
   2.5274919460093262E-002
  -4.9573139397954052E-003
  -1.3670063814400746E-002
  -4.1216203356001921E-003
  -2.0116365175117626E-002
  -5.6351475628123645E-003
  -6.1813612132379805E-004
  -2.5859252607419767E-002
  -3.0713441347161946E-002
  -1.9693458026144584E-002
   2.6254113266287000E-003
   6.3187015581162576E-003
   1.0787509765000002E-002
   7.0840265049023146E-003
   2.6410171525649904E-003
  -3.6993113719220351E-003
   8.6264937409882246E-003
  -3.0714914265202248E-002
  -2.2840284412674314E-002
  -3.8971441637635929E-003
   4.9803462606029100E-003
   2.7167543446318127E-002
   1.1125031125820544E-002
   1.8972319554354317E-002
  -5.6349090839592055E-003
  -5.2350470959556857E-003
   1.7913995366301304E-002
  -2.2840571994049676E-002
  -1.5178672956648299E-002
  -9.7704843457098907E-003
   3.8851342742855827E-003
  -6.4924709960434996E-003
   8.8464655580103562E-003
   1.2337609680130146E-003
  -2.4078472743473190E-003
  -1.5762675992629996E-002
   3.5914188572444841E-002
  -1.5177620711442536E-002
  -1.6090778712404306E-002
  -9.1419833302130767E-003
   4.5126137333712964E-003
  -1.0604547193961157E-002
   1.0082281702136448E-002
  -1.3465231395929072E-003
  -2.1591631536369477E-003
  -1.6610693853551593E-002
   3.8546057455476186E-002
  -1.6089694714565800E-002
  -2.6243454174755165E-002
  -4.4450253962568598E-003
   2.1786854414123792E-002
  -2.0098907675531433E-003
   6.0318661273901699E-003
   4.5479964537938864E-004
   9.9563656233374060E-004
  -8.5435034971230797E-003
  -5.3514618749034484E-003
  -2.6244696930847158E-002
  -1.2656109614322048E-003
  -4.6150526529426467E-003
  -1.5656479883370291E-002
   1.2250804467068848E-002
  -3.6754313498399967E-003
   1.4979495631840697E-002
  -4.3761707744987650E-003
   3.2619622975390535E-003
  -1.7082729879033320E-002
  -1.2661174560286022E-003
   7.4442291865533486E-004
   3.1234227248278703E-003
  -1.3159911423909395E-002
  -1.6786140747890185E-002
  -1.6046615646017410E-002
  -1.3968276652976453E-003
  -1.0388591624381775E-002
   6.5231501039681823E-003
   1.4666964399188553E-002
   7.4544910332191572E-004
   1.8790213942343779E-002
   7.3581518683149003E-003
  -3.8370664146010397E-002
   2.2262051366781114E-002
   1.8393664460879842E-002
   1.4615599677598880E-002
  -4.7722747866445675E-002
   1.4078547254505467E-002
  -1.1328389554528272E-002
   1.8790490199542573E-002
   8.7099953202873850E-003
   2.8869872561292300E-003
   1.7072272428988660E-002
  -2.5160989268440327E-002
  -8.3645756828335163E-003
  -8.9851085015802273E-003
  -1.9973999087496638E-002
  -1.7555196145254377E-002
  -2.0475290899083863E-002
   8.7097139973242588E-003
  -2.6370627436494029E-002
  -1.2699162107393433E-002
   2.2853533492441153E-002
  -4.5884264008421109E-003
  -1.4793110944040521E-002
  -5.7312098919173934E-003
  -2.1560686469955622E-002
  -7.3858590004649395E-003
   1.5273997197738575E-003
  -2.6370206815169168E-002
  -2.9829206431444620E-002
  -1.8041970671188852E-002
   1.1138025164550900E-003
   5.7342199990265946E-003
   1.0599270474810196E-002
   8.2019354089394245E-003
   4.6408342919048171E-003
  -5.3505715889735732E-003
   8.9364759448111019E-003
  -2.9830669533122189E-002
  -2.3359237655371231E-002
  -3.6742070968346359E-003
   6.3486554421618617E-003
   3.0028200876859010E-002
   1.1265803792886034E-002
   1.9850800442063051E-002
  -3.5693000895766877E-003
  -4.9043519388314175E-003
   1.5205819218617125E-002
  -2.3359459881736329E-002
  -1.6089640417254285E-002
  -9.1413586122472950E-003
   4.5126047630442102E-003
  -1.0604735903341584E-002
   1.0081499767368765E-002
  -1.3471531609851363E-003
  -2.1579461386776488E-003
  -1.6610288130626146E-002
   3.8545853814941987E-002
  -1.6088556373378266E-002
  -1.6000234279966840E-002
  -6.7758940956040110E-003
   4.8576798098040217E-003
  -1.6203248867106858E-002
   1.1288596256377842E-002
  -2.8210843576356621E-003
  -1.9714738747229877E-003
  -1.7023775530960097E-002
   3.8750218078563728E-002
  -1.5999117325440317E-002
  -2.5759640108993911E-002
  -4.4818539132294782E-003
   1.7644679519552571E-002
   1.0045630596939011E-003
   8.8847913083631436E-003
  -4.8573870967101395E-004
  -2.8386996161165736E-003
  -8.9156057845890275E-003
  -5.4768891026684956E-003
  -2.5760869287140734E-002
   2.9181732696694765E-004
  -6.3421628169078974E-003
  -1.5250774092175227E-002
   1.3713162212957344E-002
  -1.7618716520181323E-003
   1.1992193518728119E-002
  -3.2955428920814693E-003
   4.3140263826204192E-003
  -1.3610419443685922E-002
   2.9123366944120896E-004
   1.5836193608519981E-003
   1.4600321527749565E-003
  -1.2389002594258824E-002
  -1.5886891731075589E-002
  -1.8376324751827912E-002
  -3.6609625293408474E-003
  -7.1248902195232347E-003
   5.5249022528510820E-003
   1.0422480546740120E-002
   1.5846728365069142E-003
   2.0340815610121573E-002
   8.0563287733659804E-003
  -4.0428248612936722E-002
   2.2840631761412249E-002
   1.8513765277582996E-002
   1.3528892070745171E-002
  -4.5121260866076769E-002
   1.1883800462964526E-002
  -1.2744624022868967E-002
   2.0341093480136897E-002
   1.1261011257947748E-002
   3.1137617911046792E-003
   1.7487243197041789E-002
  -2.6217247528094963E-002
  -1.0353196827062193E-002
  -8.5908054123861443E-003
  -2.1690014963867858E-002
  -2.0679241154794806E-002
  -1.9073634919402026E-002
   1.1260610755767762E-002
  -2.6238365504348875E-002
  -1.6537104525060575E-002
   2.0799362337489781E-002
  -3.1531908105154427E-003
  -1.6104702187168491E-002
  -6.9633202603858017E-003
  -2.4754891203726485E-002
  -8.0492420765088807E-003
   4.1400311067043352E-003
  -2.6237975498744591E-002
  -3.0269633590866159E-002
  -1.7267520854584453E-002
   1.6577379398740291E-003
   6.3542693861922848E-003
   8.8384728392606800E-003
   8.6086079311190316E-003
   6.1779338616271317E-003
  -4.0375512554708063E-003
   8.5561509308691303E-003
  -3.0271121679852998E-002
  -2.3095387982589820E-002
  -2.2505167098005241E-003
   7.6940183892185588E-003
   3.0990313980390805E-002
   1.1201708145022252E-002
   2.1898180655515107E-002
  -2.0432898871093875E-003
  -4.1765431573872564E-003
   1.0975192548954987E-002
  -2.3095514857643853E-002
  -1.5999059213403333E-002
  -6.7753417814871960E-003
   4.8576874929088893E-003
  -1.6203538920201752E-002
   1.1287739931318014E-002
  -2.8216690573766665E-003
  -1.9704019440337601E-003
  -1.7023347657045634E-002
   3.8750221385548393E-002
  -1.5997942216680543E-002
  -1.6595075809992456E-002
  -7.3772703609196674E-003
   6.3983340766817758E-003
  -1.9313284410164153E-002
   1.1346541678429934E-002
  -5.3331647933342156E-003
  -2.1963970867277974E-003
  -1.6942139160724075E-002
   4.1084806712416128E-002
  -1.6593891407145317E-002
  -2.6826857382547111E-002
  -4.7496206886505831E-003
   1.5752680899901440E-002
   3.7387266996383641E-003
   1.0032467416270039E-002
  -1.0196382234432275E-003
  -5.9380752835953860E-003
  -8.4675695490637540E-003
  -5.6223443025848049E-003
  -2.6828004231790062E-002
   1.8759225603478069E-003
  -6.5278490462433907E-003
  -1.4615104960239928E-002
   1.3136751443729425E-002
  -2.0003500819936140E-004
   1.0477478317541127E-002
  -1.8744325174418891E-003
   4.3454052785427801E-003
  -1.0647376222531053E-002
   1.8752934820170973E-003
   2.4264894665064433E-003
  -3.2307082380350394E-004
  -1.1724468115925998E-002
  -1.5507411360445818E-002
  -2.0038127059423250E-002
  -5.4917172451164082E-003
  -4.3655354083450941E-003
   4.5078948329034642E-003
   6.6089412922101616E-003
   2.4274768032150002E-003
   2.0622180044629991E-002
   8.2453963722222291E-003
  -4.1544261386221200E-002
   2.3486289494826031E-002
   1.9111526069832591E-002
   1.1942084580677732E-002
  -4.3289364228988866E-002
   1.0842438181619261E-002
  -1.3219907327822265E-002
   2.0622385055998230E-002
   1.1920599406287605E-002
   4.3677517848477003E-003
   1.8613339287464201E-002
  -2.7423165163799529E-002
  -1.2098053159484997E-002
  -9.0139306058287811E-003
  -2.3387598494873551E-002
  -2.1619383121525310E-002
  -1.8165926319034249E-002
   1.1920083224033293E-002
  -2.5004017475812632E-002
  -1.7198106695166110E-002
   1.7345740991735754E-002
  -3.6248713589114349E-003
  -1.6785039528359798E-002
  -7.6928398972198088E-003
  -2.6516883557536012E-002
  -8.8948946914194204E-003
   4.2771487646791175E-003
  -2.5003637752330485E-002
  -2.7569491855340508E-002
  -1.6056669792487981E-002
  -6.2811965064363219E-004
   7.1971301515237149E-003
   8.4567720046747879E-003
   9.1097818435633693E-003
   8.3463879583148791E-003
  -4.0427932281323787E-003
   6.6795274016420046E-003
  -2.7570985241867432E-002
  -2.0822199097805846E-002
  -3.1419275193724388E-003
   7.8075832642573451E-003
   3.3857685743614870E-002
   1.1202662152561625E-002
   2.2812450202590179E-002
  -7.5576626638745946E-004
  -4.3744806075807245E-003
   8.0004784658148174E-003
  -2.0822251139189441E-002
  -1.6593826494044842E-002
  -7.3767622888478036E-003
   6.3983386002320151E-003
  -1.9313696096931329E-002
   1.1345573713705022E-002
  -5.3336503053452106E-003
  -2.1953872321453186E-003
  -1.6941752956677891E-002
   4.1084932043716577E-002
  -1.6592642049194559E-002
  -1.8445226390695752E-002
  -6.2178768403355084E-003
   8.6072011431409454E-003
  -2.2443847882594556E-002
   1.1595663639656736E-002
  -5.0028231070529663E-003
   6.6533793983132713E-004
  -1.6057741239111929E-002
   4.0977966124114133E-002
  -1.8444138066012857E-002
  -2.7969815958934514E-002
  -5.8040626920536961E-003
   1.4829786358739576E-002
   8.2375095542844192E-003
   1.1491419938519432E-002
  -1.5280730128842302E-003
  -6.9112971551256478E-003
  -5.7513586412622957E-003
  -5.8358248647363345E-003
  -2.7970866855004932E-002
   2.9312005996809895E-003
  -9.1502761177883734E-003
  -1.6036256965258094E-002
   1.2831722936457877E-002
   2.6938940911714229E-003
   8.2955296901545388E-003
  -2.1510375523410429E-003
   2.8333202486984011E-003
  -7.5666593569992859E-003
   2.9306919354607666E-003
   2.4431859947741082E-003
  -3.8972001744193335E-003
  -1.4121128077282667E-002
  -1.5372585031395372E-002
  -1.8707784636293211E-002
  -5.5893054504168836E-003
  -3.3424931027064620E-003
   1.7629592179125588E-003
   2.3552917241096674E-003
   2.4441622123075450E-003
   2.1008737561328584E-002
   8.9929229082481594E-003
  -4.2687113182549599E-002
   2.3092766227474970E-002
   2.0448613558872897E-002
   1.2039028980330099E-002
  -3.9683250056540734E-002
   1.0346825742992798E-002
  -1.4691963394295298E-002
   2.1008780354880522E-002
   1.0385691028318539E-002
   4.0868525489213704E-003
   2.0576320728887206E-002
  -2.6585416040415526E-002
  -1.4119458827864815E-002
  -1.0634096654362364E-002
  -2.3723791652114756E-002
  -2.2322857519915220E-002
  -1.8830613457373146E-002
   1.0385034279735297E-002
  -2.5907058968251968E-002
  -2.0676104584454996E-002
   1.4169831231758138E-002
  -1.5961668021025235E-003
  -1.7736035705225094E-002
  -9.0636772695740844E-003
  -2.7658857865372574E-002
  -9.2329887095328588E-003
   4.2861255074502667E-003
  -2.5906627492259478E-002
  -2.4649422779244642E-002
  -1.6083289818862086E-002
  -3.3535866502346734E-003
   8.2790376098198747E-003
   9.6849430281923544E-003
   1.1388747556190966E-002
   1.0184126450828657E-002
  -3.7072227272192454E-003
   5.7258022675835459E-003
  -2.4650839710795833E-002
  -1.9000269059086045E-002
  -2.0633669199017273E-003
   8.6949112091396930E-003
   3.4550849581994968E-002
   1.2097641557733487E-002
   2.5307908723653478E-002
   8.1563271159421536E-004
  -5.6779326005047719E-003
   3.6806248265129852E-003
  -1.9000334668574464E-002
  -1.8444068087751973E-002
  -6.2174712421728907E-003
   8.6072296772795095E-003
  -2.2444375259516005E-002
   1.1594499382069611E-002
  -5.0033101470505874E-003
   6.6629946871284910E-004
  -1.6057268078028916E-002
   4.0978187049289953E-002
  -1.8442979718004862E-002
  -1.8811234365388643E-002
  -4.6273220461307751E-003
   9.0174839372648315E-003
  -2.6492873384818802E-002
   1.2402374887046036E-002
  -7.9292149003596605E-003
   8.9029775192307249E-004
  -1.5314874443105263E-002
   4.1016437590155816E-002
  -1.8810223561024686E-002
  -3.0746680958346938E-002
  -4.4524219081729204E-003
   1.3786530649201933E-002
   8.7665707654800279E-003
   1.3552612554857593E-002
  -1.1012410104275121E-003
  -1.1469668207420661E-002
  -3.8939134707793610E-003
  -5.3831195433242550E-003
  -3.0747645005154037E-002
   5.3640823109567717E-003
  -1.0696118537223017E-002
  -1.4820190983048055E-002
   1.1844291009632262E-002
   3.0130067633249475E-003
   8.6260162982332682E-003
  -1.3376555074814116E-003
   1.2117549805450232E-003
  -3.3270760792216253E-003
   5.3636180751449915E-003
   2.8492531325475406E-003
  -6.6349030563561907E-003
  -1.3569209490171805E-002
  -1.5889506600998964E-002
  -1.8591879074495634E-002
  -6.8612492406130736E-003
  -2.2255503236162620E-003
   5.9775535348064802E-004
   4.1539517993697265E-004
   2.8502571518046757E-003
   2.2235253812281881E-002
   7.3487284622031288E-003
  -4.2623203207240161E-002
   2.4873312563872180E-002
   1.9282614208300585E-002
   1.1268088719715111E-002
  -3.6311520641596109E-002
   7.1936411701779713E-003
  -1.3825837946527949E-002
   2.2235215597621674E-002
   1.2273528473627915E-002
   4.3860035307301381E-003
   2.0293134579435324E-002
  -2.4693281578967202E-002
  -1.5554568940240938E-002
  -1.2681483806687007E-002
  -2.3569941752989418E-002
  -2.1920088711693812E-002
  -1.9232252991264645E-002
   1.2272858445322582E-002
  -2.3731908607438609E-002
  -2.2702841468835232E-002
   1.1995384093968190E-002
  -4.7190678062434085E-004
  -1.9920391727710811E-002
  -1.0587879458930673E-002
  -2.7319656408825051E-002
  -1.0635918164045580E-002
   4.6694387897325109E-003
  -2.3731575041694153E-002
  -2.1208052664591678E-002
  -1.3893483394842657E-002
  -7.3174920796032781E-003
   1.0797636273862427E-002
   9.7769691414482749E-003
   9.7819706295864308E-003
   1.3433243403851446E-002
  -2.5335362402933823E-003
   1.9827248487491824E-003
  -2.1209436061758534E-002
  -1.8131193480350995E-002
  -8.4492395715115491E-004
   9.3511180552478049E-003
   3.4431438597376747E-002
   1.3067516950213898E-002
   2.6035673883889363E-002
   4.5331523637417618E-004
  -4.0380888362443242E-003
   1.3653527101208326E-004
  -1.8131312068320554E-002
  -1.8810152336442669E-002
  -4.6269939014170714E-003
   9.0176220443381836E-003
  -2.6493508829923667E-002
   1.2401019861391686E-002
  -7.9295303037561233E-003
   8.9123737642514509E-004
  -1.5314485793404031E-002
   4.1016825029424955E-002
  -1.8809141488347302E-002
  -1.9232833617688207E-002
  -3.6247265126420907E-003
   9.8735554250054241E-003
  -2.9916814062617342E-002
   1.1933611881640209E-002
  -9.6756617783893550E-003
   9.3353543637304348E-004
  -1.5194124952103644E-002
   4.1682906992698089E-002
  -1.9231872699359377E-002
  -3.0821547423965569E-002
  -4.6077564038393337E-003
   1.2098223570210587E-002
   1.1098586386381906E-002
   1.4465547026175597E-002
  -1.7124771482581258E-003
  -1.3726248100878968E-002
  -2.6774040414417211E-003
  -6.3034451264523039E-003
  -3.0822443289209897E-002
   7.5849642603629313E-003
  -1.0610512836800638E-002
  -1.5234766380745958E-002
   1.0527819975772032E-002
   4.8008994867051224E-003
   7.2620142149644436E-003
  -2.3881868684999104E-004
   7.3346740358713877E-004
  -3.6925944281079751E-004
   7.5845121348551538E-003
   3.7827411968793150E-003
  -8.9516969568204045E-003
  -1.4329838330356380E-002
  -1.5478458351187989E-002
  -1.8347358260341208E-002
  -8.7235227965182915E-003
  -6.2646185383694768E-004
  -1.3130481239740537E-004
  -2.2538770026195769E-003
   3.7836779561180090E-003
   2.2656550059067308E-002
   7.6606482891054843E-003
  -4.3289440907028562E-002
   2.5303595485301304E-002
   2.0529437431124078E-002
   9.1774104180022929E-003
  -3.3784663783781990E-002
   6.6594026155773556E-003
  -1.4484569283570090E-002
   2.2656420120780701E-002
   1.2485122076065011E-002
   4.7139232501001230E-003
   2.1045543883613394E-002
  -2.3843815823746957E-002
  -1.6430345343226346E-002
  -1.3659495060488212E-002
  -2.4229387046039563E-002
  -2.1284798446636301E-002
  -1.8071019279844093E-002
   1.2484368262969173E-002
  -2.2036426223898394E-002
  -2.3713587988932128E-002
   9.6717204888997453E-003
   3.0058118615747275E-004
  -2.1613503281335142E-002
  -1.1722155685853546E-002
  -2.7639620094084109E-002
  -1.1302394764314131E-002
   5.1855746636932706E-003
  -2.2036094010870449E-002
  -1.8464569596511635E-002
  -1.3256907756936689E-002
  -8.6442562619610513E-003
   1.2114469766846769E-002
   8.7739265638796370E-003
   1.0415926589953285E-002
   1.5405052812193069E-002
  -2.2278797022532819E-003
   1.3972870401259059E-004
  -1.8465887442369266E-002
  -1.6036346387339376E-002
  -9.5754089461092841E-004
   1.0166987680221774E-002
   3.5009076131423678E-002
   1.2657473036845043E-002
   2.6310901300166719E-002
   1.6393574340409999E-003
  -4.1628812391058135E-003
  -2.7957548490577487E-003
  -1.6036450901747011E-002
  -1.9231796205516374E-002
  -3.6244414702617982E-003
   9.8737154143260109E-003
  -2.9917515994961303E-002
   1.1932138047511821E-002
  -9.6758741420591848E-003
   9.3446695159409932E-004
  -1.5193754287628963E-002
   4.1683344039425203E-002
  -1.9230835243880796E-002
